 11  1        1304  1        1303
e + pbq.peter - doublet Au - K-matrices                     20171130  115702.540
    7    2    2    0   0.000000D+00   0.132980D+11
    2    0    0    4    1
         1       400 0.7350000000000D-03 0.1470000000000D-02
         1         0         1 0.7350000000000D-03
 0.1159580852055D-08
         1         0         1 0.2205000000000D-02
 0.5516773862857D-07
         1         0         1 0.3675000000000D-02
 0.3348384684027D-06
         1         0         1 0.5145000000000D-02
 0.1102165313183D-05
         1         0         1 0.6615000000000D-02
 0.2688784878310D-05
         1         0         1 0.8085000000000D-02
 0.5486258315556D-05
         1         0         1 0.9555000000000D-02
 0.9938807286270D-05
         1         0         1 0.1102500000000D-01
 0.1653710032314D-04
         1         0         1 0.1249500000000D-01
 0.2581261518731D-04
         1         0         1 0.1396500000000D-01
 0.3833238603453D-04
         1         0         1 0.1543500000000D-01
 0.5469405281385D-04
         1         0         1 0.1690500000000D-01
 0.7552117727024D-04
         1         0         1 0.1837500000000D-01
 0.1014588115577D-03
         1         0         1 0.1984500000000D-01
 0.1331693151174D-03
         1         0         1 0.2131500000000D-01
 0.1713284199553D-03
         1         0         1 0.2278500000000D-01
 0.2166215457792D-03
         1         0         1 0.2425500000000D-01
 0.2697403662339D-03
         1         0         1 0.2572500000000D-01
 0.3313796272679D-03
         1         0         1 0.2719500000000D-01
 0.4022342173733D-03
         1         0         1 0.2866500000000D-01
 0.4829964881075D-03
         1         0         1 0.3013500000000D-01
 0.5743538229729D-03
         1         0         1 0.3160500000000D-01
 0.6769864512738D-03
         1         0         1 0.3307500000000D-01
 0.7915655023391D-03
         1         0         1 0.3454500000000D-01
 0.9187512958620D-03
         1         0         1 0.3601500000000D-01
 0.1059191862676D-02
         1         0         1 0.3748500000000D-01
 0.1213521689251D-02
         1         0         1 0.3895500000000D-01
 0.1382360680961D-02
         1         0         1 0.4042500000000D-01
 0.1566313335549D-02
         1         0         1 0.4189500000000D-01
 0.1765968121563D-02
         1         0         1 0.4336500000000D-01
 0.1981897054013D-02
         1         0         1 0.4483500000000D-01
 0.2214655459216D-02
         1         0         1 0.4630500000000D-01
 0.2464781923351D-02
         1         0         1 0.4777500000000D-01
 0.2732798416900D-02
         1         0         1 0.4924500000000D-01
 0.3019210586631D-02
         1         0         1 0.5071500000000D-01
 0.3324508210414D-02
         1         0         1 0.5218500000000D-01
 0.3649165807317D-02
         1         0         1 0.5365500000000D-01
 0.3993643394537D-02
         1         0         1 0.5512500000000D-01
 0.4358387387800D-02
         1         0         1 0.5659500000000D-01
 0.4743831637925D-02
         1         0         1 0.5806500000000D-01
 0.5150398595461D-02
         1         0         1 0.5953500000000D-01
 0.5578500601535D-02
         1         0         1 0.6100500000000D-01
 0.6028541298051D-02
         1         0         1 0.6247500000000D-01
 0.6500917149340D-02
         1         0         1 0.6394500000000D-01
 0.6996019077231D-02
         1         0         1 0.6541500000000D-01
 0.7514234197076D-02
         1         0         1 0.6688500000000D-01
 0.8055947657720D-02
         1         0         1 0.6835500000000D-01
 0.8621544579355D-02
         1         0         1 0.6982500000000D-01
 0.9211412082759D-02
         1         0         1 0.7129500000000D-01
 0.9825941413135D-02
         1         0         1 0.7276500000000D-01
 0.1046553015389D-01
         1         0         1 0.7423500000000D-01
 0.1113058452433D-01
         1         0         1 0.7570500000000D-01
 0.1182152176723D-01
         1         0         1 0.7717500000000D-01
 0.1253877262244D-01
         1         0         1 0.7864500000000D-01
 0.1328278388157D-01
         1         0         1 0.8011500000000D-01
 0.1405402103260D-01
         1         0         1 0.8158500000000D-01
 0.1485297099166D-01
         1         0         1 0.8305500000000D-01
 0.1568014491782D-01
         1         0         1 0.8452500000000D-01
 0.1653608112698D-01
         1         0         1 0.8599500000000D-01
 0.1742134809116D-01
         1         0         1 0.8746500000000D-01
 0.1833654754245D-01
         1         0         1 0.8893500000000D-01
 0.1928231767751D-01
         1         0         1 0.9040500000000D-01
 0.2025933646814D-01
         1         0         1 0.9187500000000D-01
 0.2126832509028D-01
         1         0         1 0.9334500000000D-01
 0.2231005147741D-01
         1         0         1 0.9481500000000D-01
 0.2338533399931D-01
         1         0         1 0.9628500000000D-01
 0.2449504528932D-01
         1         0         1 0.9775500000000D-01
 0.2564011622583D-01
         1         0         1 0.9922500000000D-01
 0.2682154007320D-01
         1         0         1 0.1006950000000D+00
 0.2804037681108D-01
         1         0         1 0.1021650000000D+00
 0.2929775766185D-01
         1         0         1 0.1036350000000D+00
 0.3059488982592D-01
         1         0         1 0.1051050000000D+00
 0.3193306146098D-01
         1         0         1 0.1065750000000D+00
 0.3331364692023D-01
         1         0         1 0.1080450000000D+00
 0.3473811226481D-01
         1         0         1 0.1095150000000D+00
 0.3620802110212D-01
         1         0         1 0.1109850000000D+00
 0.3772504075168D-01
         1         0         1 0.1124550000000D+00
 0.3929094879730D-01
         1         0         1 0.1139250000000D+00
 0.4090764005388D-01
         1         0         1 0.1153950000000D+00
 0.4257713398077D-01
         1         0         1 0.1168650000000D+00
 0.4430158260756D-01
         1         0         1 0.1183350000000D+00
 0.4608327901466D-01
         1         0         1 0.1198050000000D+00
 0.4792466641566D-01
         1         0         1 0.1212750000000D+00
 0.4982834792548D-01
         1         0         1 0.1227450000000D+00
 0.5179709707578D-01
         1         0         1 0.1242150000000D+00
 0.5383386914536D-01
         1         0         1 0.1256850000000D+00
 0.5594181341537D-01
         1         0         1 0.1271550000000D+00
 0.5812428643782D-01
         1         0         1 0.1286250000000D+00
 0.6038486641516D-01
         1         0         1 0.1300950000000D+00
 0.6272736883771D-01
         1         0         1 0.1315650000000D+00
 0.6515586350626D-01
         1         0         1 0.1330350000000D+00
 0.6767469308102D-01
         1         0         1 0.1345050000000D+00
 0.7028849336665D-01
         1         0         1 0.1359750000000D+00
 0.7300221548889D-01
         1         0         1 0.1374450000000D+00
 0.7582115022050D-01
         1         0         1 0.1389150000000D+00
 0.7875095469557D-01
         1         0         1 0.1403850000000D+00
 0.8179768178364D-01
         1         0         1 0.1418550000000D+00
 0.8496781247609D-01
         1         0         1 0.1433250000000D+00
 0.8826829164142D-01
         1         0         1 0.1447950000000D+00
 0.9170656755736D-01
         1         0         1 0.1462650000000D+00
 0.9529063573086D-01
         1         0         1 0.1477350000000D+00
 0.9902908754632D-01
         1         0         1 0.1492050000000D+00
 0.1029311643632D+00
         1         0         1 0.1506750000000D+00
 0.1070068178241D+00
         1         0         1 0.1521450000000D+00
 0.1112667772109D+00
         1         0         1 0.1536150000000D+00
 0.1157226248061D+00
         1         0         1 0.1550850000000D+00
 0.1203868804459D+00
         1         0         1 0.1565550000000D+00
 0.1252730965406D+00
         1         0         1 0.1580250000000D+00
 0.1303959651552D+00
         1         0         1 0.1594950000000D+00
 0.1357714389534D+00
         1         0         1 0.1609650000000D+00
 0.1414168681235D+00
         1         0         1 0.1624350000000D+00
 0.1473511558434D+00
         1         0         1 0.1639050000000D+00
 0.1535949352556D+00
         1         0         1 0.1653750000000D+00
 0.1601707714814D+00
         1         0         1 0.1668450000000D+00
 0.1671033929468D+00
         1         0         1 0.1683150000000D+00
 0.1744199570726D+00
         1         0         1 0.1697850000000D+00
 0.1821503564110D+00
         1         0         1 0.1712550000000D+00
 0.1903275726358D+00
         1         0         1 0.1727250000000D+00
 0.1989880873124D+00
         1         0         1 0.1741950000000D+00
 0.2081723603351D+00
         1         0         1 0.1756650000000D+00
 0.2179253894433D+00
         1         0         1 0.1771350000000D+00
 0.2282973672734D+00
         1         0         1 0.1786050000000D+00
 0.2393444563414D+00
         1         0         1 0.1800750000000D+00
 0.2511297074733D+00
         1         0         1 0.1815450000000D+00
 0.2637241535457D+00
         1         0         1 0.1830150000000D+00
 0.2772081189284D+00
         1         0         1 0.1844850000000D+00
 0.2916727959031D+00
         1         0         1 0.1859550000000D+00
 0.3072221537603D+00
         1         0         1 0.1874250000000D+00
 0.3239752655289D+00
         1         0         1 0.1888950000000D+00
 0.3420691629236D+00
         1         0         1 0.1903650000000D+00
 0.3616623648918D+00
         1         0         1 0.1918350000000D+00
 0.3829392728590D+00
         1         0         1 0.1933050000000D+00
 0.4061156916291D+00
         1         0         1 0.1947750000000D+00
 0.4314458272937D+00
         1         0         1 0.1962450000000D+00
 0.4592312448477D+00
         1         0         1 0.1977150000000D+00
 0.4898324572176D+00
         1         0         1 0.1991850000000D+00
 0.5236840941616D+00
         1         0         1 0.2006550000000D+00
 0.5613150117069D+00
         1         0         1 0.2021250000000D+00
 0.6033753276127D+00
         1         0         1 0.2035950000000D+00
 0.6506733364796D+00
         1         0         1 0.2050650000000D+00
 0.7042267912770D+00
         1         0         1 0.2065350000000D+00
 0.7653355293348D+00
         1         0         1 0.2080050000000D+00
 0.8356865853487D+00
         1         0         1 0.2094750000000D+00
 0.9175101210286D+00
         1         0         1 0.2109450000000D+00
 0.1013817365353D+01
         1         0         1 0.2124150000000D+00
 0.1128775769915D+01
         1         0         1 0.2138850000000D+00
 0.1268323637777D+01
         1         0         1 0.2153550000000D+00
 0.1441224205091D+01
         1         0         1 0.2168250000000D+00
 0.1660977261782D+01
         4         0        10 0.2182950000000D+00
 0.1949549345038D+01 0.3704520671582D-02 0.1748755639018D-01 0.1113440682641D-05
-0.2447734562191D-02-0.1893401455106D-02-0.6102582042538D-06-0.1633622527510D-02
 0.9141434169703D-03 0.6576357451006D-02
         4         0        10 0.2197650000000D+00
 0.2345173185370D+01 0.1520297839973D-01 0.2908161416688D-01 0.1193238834274D-04
-0.3981546249779D-02-0.3126617523329D-02-0.6699363070954D-05-0.2687011847028D-02
 0.1491069118091D-02 0.1080767124848D-01
         4         0        10 0.2212350000000D+00
 0.2920634607108D+01 0.3437940268634D-01 0.3760539703437D-01 0.4334642026752D-04
-0.5046046640947D-02-0.4005745833411D-02-0.2457235548618D-04-0.3433394339050D-02
 0.1893863234514D-02 0.1380048338649D-01
         4         0        10 0.2227050000000D+00
 0.3834020249081D+01 0.6695348542265D-01 0.4511866635081D-01 0.1161384572657D-03
-0.5904153777280D-02-0.4730446969475D-02-0.6610705781914D-04-0.4046417953797D-02
 0.2220748804618D-02 0.1625336312329D-01
         4         0        10 0.2241750000000D+00
 0.5505500473710D+01 0.1289137994055D+00 0.5280830644654D-01 0.2847430775879D-03
-0.6635429578095D-02-0.5362783166401D-02-0.1622705246302D-03-0.4581057886317D-02
 0.2502255569112D-02 0.1838342482712D-01
         4         0        10 0.2256450000000D+00
 0.9544888878902D+01 0.2819769465970D+00 0.6331284689611D-01 0.7570543876766D-03
-0.7269875108351D-02-0.5931820502676D-02-0.4311613110687D-03-0.5067011205602D-02
 0.2752675047421D-02 0.2029238760035D-01
         4         0        10 0.2271150000000D+00
 0.3316248703844D+02 0.1186698973085D+01 0.1021403246862D+00 0.3754266891440D-02
-0.7743431588040D-02-0.6453694860482D-02-0.2134157509312D-02-0.5566864456969D-02
 0.2979917437775D-02 0.2203771256033D-01
         4         0        10 0.2285850000000D+00
-0.2365974678567D+02-0.9960550183693D+00 0.2202649341803D-01-0.3631464814612D-02
-0.8564720747713D-02-0.6940422584477D-02 0.2058672204692D-02-0.5808167892913D-02
 0.3190014934466D-02 0.2365497993899D-01
         4         0        10 0.2300550000000D+00
-0.8884652967890D+01-0.4304956975672D+00 0.4704008911595D-01-0.1778763738366D-02
-0.8989367276233D-02-0.7396494189361D-02 0.1004953406899D-02-0.6224630636914D-02
 0.3384979382083D-02 0.2516947671631D-01
         4         0        10 0.2315250000000D+00
-0.5531955583152D+01-0.3032781263167D+00 0.5491310732986D-01-0.1401758313429D-02
-0.9434772924238D-02-0.7828316582891D-02 0.7888880933595D-03-0.6587004823456D-02
 0.3568063552804D-02 0.2659823327168D-01
         4         0        10 0.2329950000000D+00
-0.4049130531158D+01-0.2477499342160D+00 0.5975642077281D-01-0.1267577173604D-02
-0.9858092814151D-02-0.8239471369533D-02 0.7103617948202D-03-0.6925343576585D-02
 0.3741014430567D-02 0.2795428767064D-01
         4         0        10 0.2344650000000D+00
-0.3213301399380D+01-0.2169822325238D+00 0.6340070817786D-01-0.1218341424767D-02
-0.1025662816785D-01-0.8632811167063D-02 0.6797190143391D-03-0.7245520425713D-02
 0.3905232301997D-02 0.2924760094153D-01
         4         0        10 0.2359350000000D+00
-0.2677069550395D+01-0.1976486373979D+00 0.6638128096263D-01-0.1209158185129D-02
-0.1063124379817D-01-0.9010592038506D-02 0.6714698429996D-03-0.7550421430494D-02
 0.4061826688793D-02 0.3048599738775D-01
         4         0        10 0.2374050000000D+00
-0.2303988669772D+01-0.1845185359486D+00 0.6891863627942D-01-0.1222358865741D-02
-0.1098329870216D-01-0.9374628492563D-02 0.6755881886795D-03-0.7841959087594D-02
 0.4211691949829D-02 0.3167575162385D-01
         4         0        10 0.2388750000000D+00
-0.2029546951245D+01-0.1751213484496D+00 0.7112426981439D-01-0.1249557657588D-02
-0.1131410716434D-01-0.9726402911571D-02 0.6873229801097D-03-0.8121560748816D-02
 0.4355561107305D-02 0.3282198256042D-01
         4         0        10 0.2403450000000D+00
-0.1819282570644D+01-0.1681390695003D+00 0.7306307310961D-01-0.1286245854553D-02
-0.1162483526243D-01-0.1006714252105D-01 0.7041280998975D-03-0.8390354160874D-02
 0.4494043804546D-02 0.3392892745131D-01
         4         0        10 0.2418150000000D+00
-0.1653111828539D+01-0.1628048947607D+00 0.7477691317792D-01-0.1329769218857D-02
-0.1191649731094D-01-0.1039787461871D-01 0.7245134611240D-03-0.8649259956700D-02
 0.4627653576884D-02 0.3500013799531D-01
         4         0        10 0.2432850000000D+00
-0.1518538846654D+01-0.1586427138144D+00 0.7629499464967D-01-0.1378451662573D-02
-0.1218997612084D-01-0.1071946706002D-01 0.7475470587331D-03-0.8899046175970D-02
 0.4756827855340D-02 0.3603862406182D-01
         4         0        10 0.2447550000000D+00
-0.1407381357950D+01-0.1553415337666D+00 0.7763895102128D-01-0.1431172771047D-02
-0.1244604668594D-01-0.1103265853205D-01 0.7726147597482D-03-0.9140363920257D-02
 0.4881942925429D-02 0.3704696122980D-01
         4         0        10 0.2462250000000D+00
-0.1314057224643D+01-0.1526897873131D+00 0.7882557287451D-01-0.1487146795398D-02
-0.1268539766948D-01-0.1133808160333D-01 0.7992945165623D-03-0.9373772267171D-02
 0.5003325308869D-02 0.3802737271577D-01
         4         0        10 0.2476950000000D+00
-0.1234627614034D+01-0.1505386677527D+00 0.7986837571278D-01-0.1545799328896D-02
-0.1290864944385D-01-0.1163628056338D-01 0.8272860661359D-03-0.9599756467522D-02
 0.5121260558528D-02 0.3898179278914D-01
         4         0        10 0.2491650000000D+00
-0.1166233733773D+01-0.1487805579264D+00 0.8077855465139D-01-0.1606694796011D-02
-0.1311636877287D-01-0.1192772543818D-01 0.8563694978512D-03-0.9818741658387D-02
 0.5236000149091D-02 0.3991191655245D-01
         4         0        10 0.2506350000000D+00
-0.1106750384596D+01-0.1473357719891D+00 0.8156559492429D-01-0.1669491935989D-02
-0.1330908059204D-01-0.1221282315443D-01 0.8863797318456D-03-0.1003110343966D-01
 0.5347766943104D-02 0.4081923950958D-01
         4         0        10 0.2521050000000D+00
-0.1054564831392D+01-0.1461441000833D+00 0.8223767906390D-01-0.1733915466336D-02
-0.1348727738979D-01-0.1249192654775D-01 0.9171901983465D-03-0.1023717617966D-01
 0.5456759575643D-02 0.4170508936868D-01
         4         0        10 0.2535750000000D+00
-0.1008431113738D+01-0.1451592429588D+00 0.8280196862472D-01-0.1799737484089D-02
-0.1365142664126D-01-0.1276534171938D-01 0.9487020594089D-03-0.1043725963240D-01
 0.5563156007281D-02 0.4257065185932D-01
         4         0        10 0.2550450000000D+00
-0.9673713852915D+00-0.1443450472274D+00 0.8326480550014D-01-0.1866764934758D-02
-0.1380197667244D-01-0.1303333411292D-01 0.9808368886391D-03-0.1063162427299D-01
 0.5667116429685D-02 0.4341699187745D-01
         4         0        10 0.2565150000000D+00
-0.9306074751196D+00-0.1436728970453D+00 0.8363185995725D-01-0.1934830977169D-02
-0.1393936126168D-01-0.1329613358856D-01 0.1013531575382D-02-0.1082051564295D-01
 0.5768785661843D-02 0.4424507094170D-01
         4         0        10 0.2579850000000D+00
-0.8975123949199D+00-0.1431198684852D+00 0.8390824231800D-01-0.2003788915828D-02
-0.1406400322498D-01-0.1355393870382D-01 0.1046734698745D-02-0.1100415791983D-01
 0.5868295141465D-02 0.4505576170694D-01
         4         0        10 0.2594550000000D+00
-0.8675753244090D+00-0.1426673988806D+00 0.8409858916696D-01-0.2073507864558D-02
-0.1417631718228D-01-0.1380692036062D-01 0.1080403896344D-02-0.1118275687125D-01
 0.5965764591730D-02 0.4584986010730D-01
         4         0        10 0.2609250000000D+00
-0.8403758979082D+00-0.1423003112447D+00 0.8420713125997D-01-0.2143869601238D-02
-0.1427671166284D-01-0.1405522494180D-01 0.1114503920746D-02-0.1135650231570D-01
 0.6061303425494D-02 0.4662809557291D-01
         4         0        10 0.2623950000000D+00
-0.8155650317233D+00-0.1420060881368D+00 0.8423774802847D-01-0.2214766256427D-02
-0.1436559067630D-01-0.1429897703266D-01 0.1149005180503D-02-0.1152557018391D-01
 0.6155011935517D-02 0.4739113966816D-01
         4         0        10 0.2638650000000D+00
-0.7928504301894D+00-0.1417743237756D+00 0.8419401204266D-01-0.2286098595010D-02
-0.1444335485189D-01-0.1453828180241D-01 0.1183882628692D-02-0.1169012425440D-01
 0.6246982309087D-02 0.4813961342710D-01
         4         0        10 0.2653350000000D+00
-0.7719854904523D+00-0.1415963054831D+00 0.8407922581102D-01-0.2357774725344D-02
-0.1451040222849D-01-0.1477322710496D-01 0.1219114904716D-02-0.1185031762111D-01
 0.6337299497560D-02 0.4887409360560D-01
         4         0        10 0.2668050000000D+00
-0.7527607110853D+00-0.1414646902862D+00 0.8389645264991D-01-0.2429709120092D-02
-0.1456712876288D-01-0.1500388534586D-01 0.1254683663264D-02-0.1200629393936D-01
 0.6426041965312D-02 0.4959511802757D-01
         4         0        10 0.2682750000000D+00
-0.7349969692479D+00-0.1413732524343D+00 0.8364854287382D-01-0.2501821866722D-02
-0.1461392861124D-01-0.1523031515314D-01 0.1290573043570D-02-0.1215818848722D-01
 0.6513282337893D-02 0.5030319016875D-01
         4         0        10 0.2697450000000D+00
-0.7185402088785D+00-0.1413166843898D+00 0.8333815623057D-01-0.2574038088693D-02
-0.1465119422912D-01-0.1545256288238D-01 0.1326769245166D-02-0.1230612907249D-01
 0.6599087965484D-02 0.5099878309542D-01
         4         0        10 0.2712150000000D+00
-0.7032572060041D+00-0.1412904385727D+00 0.8296778131530D-01-0.2646287494240D-02
-0.1467931632684D-01-0.1567066398037D-01 0.1363260185320D-02-0.1245023680980D-01
 0.6683521414851D-02 0.5168234285520D-01
         4         0        10 0.2726850000000D+00
-0.6890321647569D+00-0.1412906004829D+00 0.8253975247192D-01-0.2718504021284D-02
-0.1469868371126D-01-0.1588464422762D-01 0.1400035219992D-02-0.1259062678803D-01
 0.6766640900626D-02 0.5235429139956D-01
         4         0        10 0.2741550000000D+00
-0.6757639599296D+00-0.1413137861990D+00 0.8205626462962D-01-0.2790625554831D-02
-0.1470968303919D-01-0.1609452087558D-01 0.1437084914520D-02-0.1272740864480D-01
 0.6848500664933D-02 0.5301502910539D-01
         4         0        10 0.2756250000000D+00
-0.6633638872146D+00-0.1413570589833D+00 0.8151938639407D-01-0.2862593699311D-02
-0.1471269850355D-01-0.1630030369218D-01 0.1474400853752D-02-0.1286068706200D-01
 0.6929151312814D-02 0.5366493695176D-01
         4         0        10 0.2770950000000D+00
-0.6517538153435D+00-0.1414178609791D+00 0.8093107164393D-01-0.2934353592546D-02
-0.1470811147000D-01-0.1650199592691D-01 0.1511975483735D-02-0.1299056219378D-01
 0.7008640109731D-02 0.5430437839885D-01
         4         0        10 0.2785650000000D+00
-0.6408646587378D+00-0.1414939569206D+00 0.8029316986630D-01-0.3005853751179D-02
-0.1469630007829D-01-0.1669959520414D-01 0.1549801978829D-02-0.1311713003711D-01
 0.7087011246375D-02 0.5493370100994D-01
         4         0        10 0.2800350000000D+00
-0.6306351076453D+00-0.1415833874711D+00 0.7960743539216D-01-0.3077045939854D-02
-0.1467763882067D-01-0.1689309435251D-01 0.1587874129516D-02-0.1324048275279D-01
 0.7164306075246D-02 0.5555323785039D-01
         4         0        10 0.2815050000000D+00
-0.6210105665261D+00-0.1416844303297D+00 0.7887553566060D-01-0.3147885058231D-02
-0.1465249810757D-01-0.1708248217695D-01 0.1626186247247D-02-0.1336070894426D-01
 0.7240563322723D-02 0.5616330869295D-01
         4         0        10 0.2829750000000D+00
-0.6119422618537D+00-0.1417955676442D+00 0.7809905865304D-01-0.3218329041213D-02
-0.1462124382842D-01-0.1726774417823D-01 0.1664733083304D-02-0.1347789389993D-01
 0.7315819279835D-02 0.5676422105504D-01
         4         0        10 0.2844450000000D+00
-0.6033864886209D+00-0.1419154585727D+00 0.7727951958468D-01-0.3288338768893D-02
-0.1458423691489D-01-0.1744886322462D-01 0.1703509759383D-02-0.1359211980421D-01
 0.7390107974459D-02 0.5735627108995D-01
         4         0        10 0.2859150000000D+00
-0.5953039710447D+00-0.1420429160753D+00 0.7641836692260D-01-0.3357877983526D-02
-0.1454183291212D-01-0.1762582017989D-01 0.1742511708042D-02-0.1370346592170D-01
 0.7463461327245D-02 0.5793974435045D-01
         4         0        10 0.2873850000000D+00
-0.5876593177296D+00-0.1421768871937D+00 0.7551698782781D-01-0.3426913211384D-02
-0.1449438156245D-01-0.1779859449033D-01 0.1781734621426D-02-0.1381200875805D-01
 0.7535909293295D-02 0.5851491644185D-01
         4         0        10 0.2888550000000D+00
-0.5804205554108D+00-0.1423164362271D+00 0.7457671307006D-01-0.3495413687927D-02
-0.1444222640522D-01-0.1796716473354D-01 0.1821174407080D-02-0.1391782220095D-01
 0.7607479991299D-02 0.5908205357925D-01
         4         0        10 0.2903250000000D+00
-0.5735587283794D+00-0.1424607303201D+00 0.7359882145433D-01-0.3563351285100D-02
-0.1438570439615D-01-0.1813150913199D-01 0.1860827149848D-02-0.1402097764398D-01
 0.7678199821611D-02 0.5964141306060D-01
         4         0        10 0.2917950000000D+00
-0.5670475530008D+00-0.1426090270702D+00 0.7258454383301D-01-0.3630700439775D-02
-0.1432514554787D-01-0.1829160603271D-01 0.1900689078960D-02-0.1412154409561D-01
 0.7748093574555D-02 0.6019324366796D-01
         4         0        10 0.2932650000000D+00
-0.5608631186953D+00-0.1427606638343D+00 0.7153506673161D-01-0.3697438082711D-02
-0.1426087259387D-01-0.1844743435486D-01 0.1940756539651D-02-0.1421958827561D-01
 0.7817184530070D-02 0.6073778600630D-01
         4         0        10 0.2947350000000D+00
-0.5549836282675D+00-0.1429150484674D+00 0.7045153560747D-01-0.3763543567545D-02
-0.1419320067713D-01-0.1859897400771D-01 0.1981025968754D-02-0.1431517470062D-01
 0.7885494549650D-02 0.6127527278776D-01
         4         0        10 0.2962050000000D+00
-0.5493891716175D+00-0.1430716512779D+00 0.6933505781472D-01-0.3828998599422D-02
-0.1412243706392D-01-0.1874620627873D-01 0.2021493873692D-02-0.1440836576034D-01
 0.7953044161445D-02 0.6180592907080D-01
         4         0        10 0.2976750000000D+00
-0.5440615279862D+00-0.1432299980157D+00 0.6818670525509D-01-0.3893787163115D-02
-0.1404888088388D-01-0.1888911419483D-01 0.2062156814550D-02-0.1449922178594D-01
 0.8019852639220D-02 0.6232997245894D-01
         4         0        10 0.2991450000000D+00
-0.5389839925712D+00-0.1433896637428D+00 0.6700751678210D-01-0.3957895450435D-02
-0.1397282289617D-01-0.1902768285642D-01 0.2103011388800D-02-0.1458780111167D-01
 0.8085938075853D-02 0.6284761326673D-01
         4         0        10 0.3006150000000D+00
-0.5341412240923D+00-0.1435502674610D+00 0.6579850036590D-01-0.4021311786900D-02
-0.1389454528183D-01-0.1916189974547D-01 0.2144054218392D-02-0.1467416013075D-01
 0.8151317451913D-02 0.6335905465804D-01
         4         0        10 0.3020850000000D+00
-0.5295191104260D+00-0.1437114673890D+00 0.6456063502403D-01-0.4084026557689D-02
-0.1381432146237D-01-0.1929175500977D-01 0.2185281938984D-02-0.1475835334658D-01
 0.8216006699794D-02 0.6386449275994D-01
         4         0        10 0.3035550000000D+00
-0.5251046498207D+00-0.1438729568012D+00 0.6329487256901D-01-0.4146032132872D-02
-0.1373241594386D-01-0.1941724172219D-01 0.2226691191018D-02-0.1484043341978D-01
 0.8280020763875D-02 0.6436411675858D-01
         4         0        10 0.3050250000000D+00
-0.5208858456351D+00-0.1440344603506D+00 0.6200213917497D-01-0.4207322792009D-02
-0.1364908418608D-01-0.1953835611678D-01 0.2268278612488D-02-0.1492045121200D-01
 0.8343373657064D-02 0.6485810897972D-01
         4         0        10 0.3064950000000D+00
-0.5168516128504D+00-0.1441957308140D+00 0.6068333676325D-01-0.4267894648257D-02
-0.1356457249646D-01-0.1965509780305D-01 0.2310040833206D-02-0.1499845582691D-01
 0.8406078514056D-02 0.6534664495618D-01
         4         0        10 0.3079650000000D+00
-0.5129916948146D+00-0.1443565462036D+00 0.5933934425395D-01-0.4327745572040D-02
-0.1347911794745D-01-0.1976746995761D-01 0.2351974470426D-02-0.1507449464895D-01
 0.8468147641610D-02 0.6582989348721D-01
         4         0        10 0.3094350000000D+00
-0.5092965889417D+00-0.1445167071977D+00 0.5797101868134D-01-0.4386875114454D-02
-0.1339294831678D-01-0.1987547949424D-01 0.2394076125635D-02-0.1514861338019D-01
 0.8529592566124D-02 0.6630801669155D-01
         4         0        10 0.3109050000000D+00
-0.5057574802797D+00-0.1446760348533D+00 0.5657919616880D-01-0.4445284430548D-02
-0.1330628205008D-01-0.1997913721446D-01 0.2436342382471D-02-0.1522085607582D-01
 0.8590424078689D-02 0.6678117005485D-01
         4         0        10 0.3123750000000D+00
-0.5023661819551D+00-0.1448343685630D+00 0.5516469280784D-01-0.4502976202605D-02
-0.1321932824422D-01-0.2007845793689D-01 0.2478769805577D-02-0.1529126517845D-01
 0.8650652277882D-02 0.6724950247612D-01
         4         0        10 0.3138450000000D+00
-0.4991150816892D+00-0.1449915642295D+00 0.5372830543564D-01-0.4559954563573D-02
-0.1313228665075D-01-0.2017346060694D-01 0.2521354940326D-02-0.1535988155146D-01
 0.8710286610460D-02 0.6771315631388D-01
         4         0        10 0.3153150000000D+00
-0.4959970936883D+00-0.1451474926303D+00 0.5227081230366D-01-0.4616225020815D-02
-0.1304534769882D-01-0.2026416838870D-01 0.2564094313333D-02-0.1542674451184D-01
 0.8769335910082D-02 0.6817226743180D-01
         4         0        10 0.3167850000000D+00
-0.4930056152570D+00-0.1453020379517D+00 0.5079297368012D-01-0.4671794380297D-02
-0.1295869253578D-01-0.2035060873715D-01 0.2606984433651D-02-0.1549189186248D-01
 0.8827808434267D-02 0.6862696524819D-01
         4         0        10 0.3182550000000D+00
-0.4901344876114D+00-0.1454550964726D+00 0.4929553237800D-01-0.4726670671344D-02
-0.1287249308494D-01-0.2043281345236D-01 0.2650021794573D-02-0.1555535992407D-01
 0.8885711899670D-02 0.6907737278900D-01
         4         0        10 0.3197250000000D+00
-0.4873779604403D+00-0.1456065753809D+00 0.4777921419700D-01-0.4780863072145D-02
-0.1278691211966D-01-0.2051081871779D-01 0.2693202875997D-02-0.1561718356706D-01
 0.8943053515782D-02 0.6952360674359D-01
         4         0        10 0.3211950000000D+00
-0.4847306597615D+00-0.1457563917091D+00 0.4624472833411D-01-0.4834381836072D-02
-0.1270210335207D-01-0.2058466511932D-01 0.2736524147253D-02-0.1567739624325D-01
 0.8999840017218D-02 0.6996577752845D-01
         4         0        10 0.3226650000000D+00
-0.4821875587640D+00-0.1459044713749D+00 0.4469276771201D-01-0.4887238218998D-02
-0.1261821153627D-01-0.2065439765039D-01 0.2779982070368D-02-0.1573603001764D-01
 0.9056077694589D-02 0.7040398935404D-01
         4         0        10 0.3241350000000D+00
-0.4797439512734D+00-0.1460507483167D+00 0.4312400927942D-01-0.4939444407661D-02
-0.1253537258431D-01-0.2072006569967D-01 0.2823573103673D-02-0.1579311560020D-01
 0.9111772424130D-02 0.7083834030012D-01
         4         0        10 0.3256050000000D+00
-0.4773954275975D+00-0.1461951637140D+00 0.4153911426892D-01-0.4991013449256D-02
-0.1245371369434D-01-0.2078172302324D-01 0.2867293705758D-02-0.1584868237772D-01
 0.9166929696114D-02 0.7126892239809D-01
         4         0        10 0.3270750000000D+00
-0.4751378524912D+00-0.1463376652836D+00 0.3993872840152D-01-0.5041959182287D-02
-0.1237335349021D-01-0.2083942770391D-01 0.2911140339664D-02-0.1590275844598D-01
 0.9221554642092D-02 0.7169582171856D-01
         4         0        10 0.3285450000000D+00
-0.4729673450257D+00-0.1464782066441D+00 0.3832348207526D-01-0.5092296168810D-02
-0.1229440217108D-01-0.2089324209446D-01 0.2955109477314D-02-0.1595537064190D-01
 0.9275652061072D-02 0.7211911846848D-01
         4         0        10 0.3300150000000D+00
-0.4708802601676D+00-0.1466167467423D+00 0.3669399052655D-01-0.5142039628135D-02
-0.1221696167049D-01-0.2094323274705D-01 0.2999197604127D-02-0.1600654457590D-01
 0.9329226444675D-02 0.7253888709605D-01
         4         0        10 0.3314850000000D+00
-0.4688731719174D+00-0.1467532493351D+00 0.3505085394981D-01-0.5191205372085D-02
-0.1214112582429D-01-0.2098947033191D-01 0.3043401223777D-02-0.1605630466455D-01
 0.9382282001264D-02 0.7295519640098D-01
         4         0        10 0.3329550000000D+00
-0.4669428578293D+00-0.1468876825212D+00 0.3339465761400D-01-0.5239809741847D-02
-0.1206698054605D-01-0.2103202954097D-01 0.3087716863054D-02-0.1610467416318D-01
 0.9434822679157D-02 0.7336810965482D-01
         4         0        10 0.3344250000000D+00
-0.4650862847893D+00-0.1470200183187D+00 0.3172597196214D-01-0.5287869546495D-02
-0.1199460400949D-01-0.2107098897970D-01 0.3132141076818D-02-0.1615167519873D-01
 0.9486852188948D-02 0.7377768472906D-01
         4         0        10 0.3358950000000D+00
-0.4633005959507D+00-0.1471502322837D+00 0.3004535267878D-01-0.5335402003262D-02
-0.1192406683745D-01-0.2110643104975D-01 0.3176670452981D-02-0.1619732880277D-01
 0.9538374024910D-02 0.7418397422822D-01
         4         0        10 0.3373650000000D+00
-0.4615830986882D+00-0.1472783031662D+00 0.2835334076396D-01-0.5382424679565D-02
-0.1185543229607D-01-0.2113844181853D-01 0.3221301617528D-02-0.1624165494451D-01
 0.9589391485594D-02 0.7458702563277D-01
         4         0        10 0.3388350000000D+00
-0.4599312534920D+00-0.1474042125997D+00 0.2665046259758D-01-0.5428955436850D-02
-0.1178875649395D-01-0.2116711087831D-01 0.3266031239510D-02-0.1628467256389D-01
 0.9639907693631D-02 0.7498688144945D-01
         4         0        10 0.3403050000000D+00
-0.4583426637285D+00-0.1475279448219D+00 0.2493722998006D-01-0.5475012376304D-02
-0.1172408858573D-01-0.2119253119823D-01 0.3310856036022D-02-0.1632639960474D-01
 0.9689925614689D-02 0.7538357936555D-01
         4         0        10 0.3417750000000D+00
-0.4568150661657D+00-0.1476494864229D+00 0.2321414018525D-01-0.5520613786433D-02
-0.1166147097896D-01-0.2121479896483D-01 0.3355772777110D-02-0.1636685304790D-01
 0.9739448075724D-02 0.7577715241258D-01
         4         0        10 0.3432450000000D+00
-0.4553463222065D+00-0.1477688261194D+00 0.2148167601082D-01-0.5565778092544D-02
-0.1160093954414D-01-0.2123401341371D-01 0.3400778290617D-02-0.1640604894426D-01
 0.9788477782483D-02 0.7616762913644D-01
         4         0        10 0.3447150000000D+00
-0.4539344097839D+00-0.1478859545518D+00 0.1974030580777D-01-0.5610523808171D-02
-0.1154252382742D-01-0.2125027665664D-01 0.3445869466921D-02-0.1644400244777D-01
 0.9837017336238D-02 0.7655503376987D-01
         4         0        10 0.3461850000000D+00
-0.4525774158251D+00-0.1480008641021D+00 0.1799048353933D-01-0.5654869488412D-02
-0.1148624726483D-01-0.2126369349655D-01 0.3491043263528D-02-0.1648072784813D-01
 0.9885069250094D-02 0.7693938642035D-01
         4         0        10 0.3476550000000D+00
-0.4512735292791D+00-0.1481135487320D+00 0.1623264881233D-01-0.5698833685214D-02
-0.1143212739847D-01-0.2127437124029D-01 0.3536296709763D-02-0.1651623860421D-01
 0.9932635963343D-02 0.7732070323052D-01
         4         0        10 0.3491250000000D+00
-0.4500210346247D+00-0.1482240038370D+00 0.1446722693092D-01-0.5742434904649D-02
-0.1138017609338D-01-0.2128241950306D-01 0.3581626910734D-02-0.1655054737507D-01
 0.9979719858158D-02 0.7769899661466D-01
         4         0        10 0.3505950000000D+00
-0.4488183058343D+00-0.1483322261180D+00 0.1269462895355D-01-0.5785691566055D-02
-0.1133039975491D-01-0.2128795000564D-01 0.3627031051923D-02-0.1658366605358D-01
 0.1002632327170D-01 0.7807427540947D-01
         4         0        10 0.3520650000000D+00
-0.4476638007676D+00-0.1484382134662D+00 0.1091525173784D-01-0.5828621963202D-02
-0.1128279954665D-01-0.2129107637124D-01 0.3672506403003D-02-0.1661560579771D-01
 0.1007244851046D-01 0.7844654509244D-01
         4         0        10 0.3535350000000D+00
-0.4465560559371D+00-0.1485419648624D+00 0.9129478008122D-02-0.5871244227343D-02
-0.1123737160773D-01-0.2129191391408D-01 0.3718050321722D-02-0.1664637706221D-01
 0.1011809786288D-01 0.7881580798029D-01
         4         0        10 0.3550050000000D+00
-0.4454936816271D+00-0.1486434802868D+00 0.7337676428967D-02-0.5913576292202D-02
-0.1119410726961D-01-0.2129057942432D-01 0.3763660257557D-02-0.1667598962984D-01
 0.1016327361151D-01 0.7918206343498D-01
         4         0        10 0.3564750000000D+00
-0.4444753573515D+00-0.1487427606413D+00 0.5540201668758D-02-0.5955635860874D-02
-0.1115299327215D-01-0.2128719095324D-01 0.3809333755144D-02-0.1670445264224D-01
 0.1020797804453D-01 0.7954530806802D-01
         4         0        10 0.3579450000000D+00
-0.4434998275996D+00-0.1488398076808D+00 0.3737394487464D-02-0.5997440374602D-02
-0.1111401197822D-01-0.2128186759236D-01 0.3855068457521D-02-0.1673177463028D-01
 0.1025221346670D-01 0.7990553595076D-01
         4         0        10 0.3594150000000D+00
-0.4425658978603D+00-0.1489346239534D+00 0.1929581832230D-02-0.6039006983426D-02
-0.1107714158672D-01-0.2127472925025D-01 0.3900862109150D-02-0.1675796354392D-01
 0.1029598220978D-01 0.8026273882640D-01
         4         0        10 0.3608850000000D+00
-0.4416724309150D+00-0.1490272127496D+00 0.1170769241801D-03-0.6080352518676D-02
-0.1104235634405D-01-0.2126589643183D-01 0.3946712558695D-02-0.1678302678171D-01
 0.1033928664225D-01 0.8061690631848D-01
         4         0        10 0.3623550000000D+00
-0.4408183433562D+00-0.1491175780580D+00-0.1699820629393D-02-0.6121493467282D-02
-0.1100962675324D-01-0.2125549001280D-01 0.3992617761598D-02-0.1680697121958D-01
 0.1038212917858D-01 0.8096802614432D-01
         4         0        10 0.3638250000000D+00
-0.4400026023274D+00-0.1492057245278D+00-0.3520824714464D-02-0.6162445947853D-02
-0.1097891978075D-01-0.2124363101351D-01 0.4038575782420D-02-0.1682980323909D-01
 0.1042451228786D-01 0.8131608432876D-01
         4         0        10 0.3652950000000D+00
-0.4392242224795D+00-0.1492916574378D+00-0.5345662599187D-02-0.6203225688544D-02
-0.1095019906104D-01-0.2123044037764D-01 0.4084584796914D-02-0.1685152875520D-01
 0.1046643850194D-01 0.8166106541219D-01
         4         0        10 0.3667650000000D+00
-0.4384822630983D+00-0.1493753826698D+00-0.7174074786450D-02-0.6243848006610D-02
-0.1092342509787D-01-0.2121603874444D-01 0.4130643093913D-02-0.1687215324325D-01
 0.1050791042299D-01 0.8200295266567D-01
         4         0        10 0.3682350000000D+00
-0.4377758254276D+00-0.1494569066880D+00-0.9005814884867D-02-0.6284327789672D-02
-0.1089855546318D-01-0.2120054622921D-01 0.4176749076923D-02-0.1689168176543D-01
 0.1054893073057D-01 0.8234172829687D-01
         4         0        10 0.3697050000000D+00
-0.4371040501435D+00-0.1495362365214D+00-0.1084064945254D-01-0.6324679478623D-02
-0.1087554499248D-01-0.2118408220072D-01 0.4222901265515D-02-0.1691011899650D-01
 0.1058950218810D-01 0.8267737365950D-01
         4         0        10 0.3711750000000D+00
-0.4364661149819D+00-0.1496133797505D+00-0.1267835783210D-01-0.6364917052135D-02
-0.1085434597695D-01-0.2116676506036D-01 0.4269098296468D-02-0.1692746924874D-01
 0.1062962764898D-01 0.8300986946109D-01
         4         0        10 0.3726450000000D+00
-0.4358612325196D+00-0.1496883444979D+00-0.1451873199293D-01-0.6405054012764D-02
-0.1083490835239D-01-0.2114871202877D-01 0.4315338924648D-02-0.1694373649644D-01
 0.1066931006201D-01 0.8333919596271D-01
         4         0        10 0.3741150000000D+00
-0.4352886480777D+00-0.1497611394205D+00-0.1636157634852D-01-0.6445103374563D-02
-0.1081717988423D-01-0.2113003893060D-01 0.4361622023672D-02-0.1695892439935D-01
 0.1070855247645D-01 0.8366533318121D-01
         4         0        10 0.3755850000000D+00
-0.4347476377478D+00-0.1498317737050D+00-0.1820670756537D-01-0.6485077652183D-02
-0.1080110634893D-01-0.2111085998266D-01 0.4407946586349D-02-0.1697303632556D-01
 0.1074735804662D-01 0.8398826108832D-01
         4         0        10 0.3770550000000D+00
-0.4342375065470D+00-0.1499002570658D+00-0.2005395437931D-01-0.6524988851439D-02
-0.1078663171172D-01-0.2109128759088D-01 0.4454311724823D-02-0.1698607537365D-01
 0.1078573003590D-01 0.8430795980036D-01
         4         0        10 0.3785250000000D+00
-0.4337575866695D+00-0.1499665997437D+00-0.2190315738763D-01-0.6564848461257D-02
-0.1077369830008D-01-0.2107143214651D-01 0.4500716670555D-02-0.1699804439391D-01
 0.1082367182039D-01 0.8462440976975D-01
         4         0        10 0.3799950000000D+00
-0.4333072358394D+00-0.1500308125070D+00-0.2375416883351D-01-0.6604667446977D-02
-0.1076224697332D-01-0.2105140182673D-01 0.4547160774049D-02-0.1700894600890D-01
 0.1086118689207D-01 0.8493759197222D-01
         4         0        10 0.3814650000000D+00
-0.4328858357710D+00-0.1500929066534D+00-0.2560685239801D-01-0.6644456244982D-02
-0.1075221728812D-01-0.2103130240565D-01 0.4593643504328D-02-0.1701878263316D-01
 0.1089827886154D-01 0.8524748808353D-01
         4         0        10 0.3829350000000D+00
-0.4324927907059D+00-0.1501528940131D+00-0.2746108296916D-01-0.6684224758573D-02
-0.1074354765967D-01-0.2101123706518D-01 0.4640164448220D-02-0.1702755649220D-01
 0.1093495146031D-01 0.8555408065705D-01
         4         0        10 0.3844050000000D+00
-0.4321275260350D+00-0.1502107869518D+00-0.2931674640386D-01-0.6723982355061D-02
-0.1073617551852D-01-0.2099130621142D-01 0.4686723309442D-02-0.1703526964052D-01
 0.1097120854274D-01 0.8585735329650D-01
         4         0        10 0.3858750000000D+00
-0.4317894870097D+00-0.1502665983751D+00-0.3117373929808D-01-0.6763737864042D-02
-0.1073003746324D-01-0.2097160730262D-01 0.4733319907415D-02-0.1704192397900D-01
 0.1100705408744D-01 0.8615729081675D-01
         4         0        10 0.3873450000000D+00
-0.4314781375157D+00-0.1503203417332D+00-0.3303196873582D-01-0.6803499576778D-02
-0.1072506940853D-01-0.2095223467769D-01 0.4779954175929D-02-0.1704752127138D-01
 0.1104249219842D-01 0.8645387940526D-01
         4         0        10 0.3888150000000D+00
-0.4311929589173D+00-0.1503720310245D+00-0.3489135203005D-01-0.6843275246650D-02
-0.1072120672880D-01-0.2093327939095D-01 0.4826626161608D-02-0.1705206315990D-01
 0.1107752710585D-01 0.8674710677776D-01
         4         0        10 0.3902850000000D+00
-0.4309334489780D+00-0.1504216808004D+00-0.3675181647695D-01-0.6883072090649D-02
-0.1071838439748D-01-0.2091482906036D-01 0.4873336022124D-02-0.1705555118025D-01
 0.1111216316629D-01 0.8703696232032D-01
         4         0        10 0.3917550000000D+00
-0.4306991208258D+00-0.1504693061692D+00-0.3861329907771D-01-0.6922896791824D-02
-0.1071653712146D-01-0.2089696771245D-01 0.4920084024313D-02-0.1705798677556D-01
 0.1114640486282D-01 0.8732343723632D-01
         4         0        10 0.3932250000000D+00
-0.4304895019936D+00-0.1505149227997D+00-0.4047574628054D-01-0.6962755502679D-02
-0.1071559947132D-01-0.2087977564463D-01 0.4966870542027D-02-0.1705937130968D-01
 0.1118025680459D-01 0.8760652467556D-01
         4         0        10 0.3946950000000D+00
-0.4303041335033D+00-0.1505585469242D+00-0.4233911370137D-01-0.7002653849431D-02
-0.1071550600672D-01-0.2086332928791D-01 0.5013696053864D-02-0.1705970607967D-01
 0.1121372372618D-01 0.8788621986436D-01
         4         0        10 0.3961650000000D+00
-0.4301425690002D+00-0.1506001953409D+00-0.4420336584004D-01-0.7042596937104D-02
-0.1071619139716D-01-0.2084770107697D-01 0.5060561140745D-02-0.1705899232738D-01
 0.1124681048664D-01 0.8816252022898D-01
         4         0        10 0.3976350000000D+00
-0.4300043739486D+00-0.1506398854157D+00-0.4606847580688D-01-0.7082589355414D-02
-0.1071759053839D-01-0.2083295933421D-01 0.5107466483270D-02-0.1705723125037D-01
 0.1127952206816D-01 0.8843542550476D-01
         4         0        10 0.3991050000000D+00
-0.4298891248614D+00-0.1506776350830D+00-0.4793442503114D-01-0.7122635185389D-02
-0.1071963866396D-01-0.2081916815527D-01 0.5154412858985D-02-0.1705442401203D-01
 0.1131186357448D-01 0.8870493784585D-01
         4         0        10 0.4005750000000D+00
-0.4297964085736D+00-0.1507134628461D+00-0.4980120295386D-01-0.7162738006655D-02
-0.1072227145222D-01-0.2080638730180D-01 0.5201401139510D-02-0.1705057175090D-01
 0.1134384022910D-01 0.8897106192742D-01
         4         0        10 0.4020450000000D+00
-0.4297258215678D+00-0.1507473877720D+00-0.5166880680473D-01-0.7202900905415D-02
-0.1072542512865D-01-0.2079467210954D-01 0.5248432287439D-02-0.1704567558890D-01
 0.1137545737306D-01 0.8923380503366D-01
         4         0        10 0.4035150000000D+00
-0.4296769693276D+00-0.1507794294979D+00-0.5353724118074D-01-0.7243126482958D-02
-0.1072903656402D-01-0.2078407339683D-01 0.5295507353268D-02-0.1703973663999D-01
 0.1140672046268D-01 0.8949317714558D-01
         4         0        10 0.4049850000000D+00
-0.4296494657278D+00-0.1508096082185D+00-0.5540651786399D-01-0.7283416864776D-02
-0.1073304336722D-01-0.2077463738180D-01 0.5342627472072D-02-0.1703275601632D-01
 0.1143763506689D-01 0.8974919102216D-01
         4         0        10 0.4064550000000D+00
-0.4296429324710D+00-0.1508379446865D+00-0.5727665547142D-01-0.7323773710159D-02
-0.1073738397428D-01-0.2076640561439D-01 0.5389793860119D-02-0.1702473483516D-01
 0.1146820686446D-01 0.9000186226659D-01
         4         0        10 0.4079250000000D+00
-0.4296569985450D+00-0.1508644602057D+00-0.5914767916032D-01-0.7364198222259D-02
-0.1074199773243D-01-0.2075941490795D-01 0.5437007811391D-02-0.1701567422442D-01
 0.1149844164091D-01 0.9025120939089D-01
         4         0        10 0.4093950000000D+00
-0.4296912997128D+00-0.1508891766231D+00-0.6101962032209D-01-0.7404691158563D-02
-0.1074682497990D-01-0.2075369728266D-01 0.5484270694023D-02-0.1700557532760D-01
 0.1152834528540D-01 0.9049725387763D-01
         4         0        10 0.4108650000000D+00
-0.4297454780420D+00-0.1509121163219D+00-0.6289251628809D-01-0.7445252841762D-02
-0.1075180712115D-01-0.2074927991930D-01 0.5531583946596D-02-0.1699443930823D-01
 0.1155792378721D-01 0.9074002022145D-01
         4         0        10 0.4123350000000D+00
-0.4298191814525D+00-0.1509333022109D+00-0.6476641002106D-01-0.7485883170936D-02
-0.1075688669788D-01-0.2074618511712D-01 0.5578949074412D-02-0.1698226735344D-01
 0.1158718323228D-01 0.9097953597514D-01
         4         0        10 0.4138050000000D+00
-0.4299120632898D+00-0.1509527577133D+00-0.6664134980861D-01-0.7526581633039D-02
-0.1076200745543D-01-0.2074443025904D-01 0.5626367645692D-02-0.1696906067702D-01
 0.1161612979946D-01 0.9121583178664D-01
         4         0        10 0.4152750000000D+00
-0.4300237819364D+00-0.1509705067553D+00-0.6851738896973D-01-0.7567347314649D-02
-0.1076711440522D-01-0.2074402779199D-01 0.5673841287651D-02-0.1695482052191D-01
 0.1164476975664D-01 0.9144894142047D-01
         4         0        10 0.4167450000000D+00
-0.4301540004289D+00-0.1509865737513D+00-0.7039458554175D-01-0.7608178913909D-02
-0.1077215388268D-01-0.2074498520337D-01 0.5721371682623D-02-0.1693954816195D-01
 0.1167310945684D-01 0.9167890178500D-01
         4         0        10 0.4182150000000D+00
-0.4303023861154D+00-0.1510009835898D+00-0.7227300198969D-01-0.7649074752681D-02
-0.1077707360118D-01-0.2074730501812D-01 0.5768960564014D-02-0.1692324490322D-01
 0.1170115533405D-01 0.9190575294211D-01
         4         0        10 0.4196850000000D+00
-0.4304686103235D+00-0.1510137616166D+00-0.7415270489787D-01-0.7690032788807D-02
-0.1078182270176D-01-0.2075098479375D-01 0.5816609712320D-02-0.1690591208475D-01
 0.1172891389909D-01 0.9212953811264D-01
         4         0        10 0.4211550000000D+00
-0.4306523480478D+00-0.1510249336171D+00-0.7603376467831D-01-0.7731050628499D-02
-0.1078635179891D-01-0.2075601712405D-01 0.5864320951078D-02-0.1688755107865D-01
 0.1175639173536D-01 0.9235030368347D-01
         4         0        10 0.4226250000000D+00
-0.4308532776684D+00-0.1510345257980D+00-0.7791625527309D-01-0.7772125538801D-02
-0.1079061302235D-01-0.2076238965767D-01 0.5912096142743D-02-0.1686816328988D-01
 0.1178359549444D-01 0.9256809919298D-01
         4         0        10 0.4240950000000D+00
-0.4310710806768D+00-0.1510425647667D+00-0.7980025386212D-01-0.7813254460079D-02
-0.1079456005489D-01-0.2077008511574D-01 0.5959937184613D-02-0.1684775015538D-01
 0.1181053189173D-01 0.9278297732127D-01
         4         0        10 0.4255650000000D+00
-0.4313054414196D+00-0.1510490775095D+00-0.8168584056783D-01-0.7854434018527D-02
-0.1079814816653D-01-0.2077908131648D-01 0.6007846004733D-02-0.1682631314284D-01
 0.1183720770199D-01 0.9299499387425D-01
         4         0        10 0.4270350000000D+00
-0.4315560468690D+00-0.1510540913699D+00-0.8357309817603D-01-0.7895660538656D-02
-0.1080133424485D-01-0.2078935121577D-01 0.6055824557737D-02-0.1680385374899D-01
 0.1186362975484D-01 0.9320420775138D-01
         4         0        10 0.4285050000000D+00
-0.4318225863998D+00-0.1510576340245D+00-0.8546211184785D-01-0.7936930055725D-02
-0.1080407682177D-01-0.2080086294538D-01 0.6103874820748D-02-0.1678037349752D-01
 0.1188980493025D-01 0.9341068091728D-01
         4         0        10 0.4299750000000D+00
-0.4321047515798D+00-0.1510597334575D+00-0.8735296883535D-01-0.7978238328089D-02
-0.1080633609665D-01-0.2081357985803D-01 0.6151998789295D-02-0.1675587393649D-01
 0.1191574015400D-01 0.9361447836712D-01
         4         0        10 0.4314450000000D+00
-0.4324022359870D+00-0.1510604179357D+00-0.8924575821331D-01-0.8019580849465D-02
-0.1080807395609D-01-0.2082746058785D-01 0.6200198473166D-02-0.1673035663553D-01
 0.1194144239316D-01 0.9381566807688D-01
         4         0        10 0.4329150000000D+00
-0.4327147350279D+00-0.1510597159809D+00-0.9114057060280D-01-0.8060952861036D-02
-0.1080925399029D-01-0.2084245910754D-01 0.6248475892353D-02-0.1670382318256D-01
 0.1196691865151D-01 0.9401432095768D-01
         4         0        10 0.4343850000000D+00
-0.4330419457708D+00-0.1510576563417D+00-0.9303749789940D-01-0.8102349363431D-02
-0.1080984150609D-01-0.2085852479334D-01 0.6296833073027D-02-0.1667627518028D-01
 0.1199217596513D-01 0.9421051080432D-01
         4         0        10 0.4358550000000D+00
-0.4333835668012D+00-0.1510542679651D+00-0.9493663301924D-01-0.8143765128503D-02
-0.1080980353695D-01-0.2087560250291D-01 0.6345272043456D-02-0.1664771424230D-01
 0.1201722139777D-01 0.9440431422830D-01
         4         0        10 0.4373250000000D+00
-0.4337392980731D+00-0.1510495799658D+00-0.9683806963010D-01-0.8185194710934D-02
-0.1080910884972D-01-0.2089363264713D-01 0.6393794830074D-02-0.1661814198901D-01
 0.1204206203649D-01 0.9459581060166D-01
         4         0        10 0.4387950000000D+00
-0.4341088407879D+00-0.1510436215963D+00-0.9874190190729D-01-0.8226632459611D-02
-0.1080772794857D-01-0.2091255128026D-01 0.6442403453492D-02-0.1658756004321D-01
 0.1206670498722D-01 0.9478508197984D-01
         4         0        10 0.4402650000000D+00
-0.4344918972719D+00-0.1510364222145D+00-0.1006482242816D+00-0.8268072528764D-02
-0.1080563307593D-01-0.2093229018615D-01 0.6491099924606D-02-0.1655597002551D-01
 0.1209115737037D-01 0.9497221303066D-01
         4         0        10 0.4417350000000D+00
-0.4348881708657D+00-0.1510280112516D+00-0.1025571311929D+00-0.8309508888857D-02
-0.1080279821070D-01-0.2095277696930D-01 0.6539886240769D-02-0.1652337354947D-01
 0.1211542631658D-01 0.9515729095890D-01
         4         0        10 0.4432050000000D+00
-0.4352973658314D+00-0.1510184181794D+00-0.1044687168609D+00-0.8350935337211D-02
-0.1079919906379D-01-0.2097393516007D-01 0.6588764381952D-02-0.1648977221664D-01
 0.1213951896243D-01 0.9534040541670D-01
         4         0        10 0.4446750000000D+00
-0.4357191872602D+00-0.1510076724761D+00-0.1063830750502D+00-0.8392345508349D-02
-0.1079481307112D-01-0.2099568431525D-01 0.6637736307016D-02-0.1645516761137D-01
 0.1216344244628D-01 0.9552164841970D-01
         4         0        10 0.4461450000000D+00
-0.4361533409875D+00-0.1509958035919D+00-0.1083002988408D+00-0.8433732884026D-02
-0.1078961938402D-01-0.2101794012309D-01 0.6686803950061D-02-0.1641956129550D-01
 0.1218720390424D-01 0.9570111425948D-01
         4         0        10 0.4476150000000D+00
-0.4365995335275D+00-0.1509828409146D+00-0.1102204804169D+00-0.8475090802978D-02
-0.1078359885746D-01-0.2104061452181D-01 0.6735969216764D-02-0.1638295480289D-01
 0.1221081046611D-01 0.9587889940212D-01
         4         0        10 0.4490850000000D+00
-0.4370574720048D+00-0.1509688137339D+00-0.1121437108498D+00-0.8516412470332D-02
-0.1077673403588D-01-0.2106361581292D-01 0.6785233980857D-02-0.1634534963396D-01
 0.1223426925150D-01 0.9605510239340D-01
         4         0        10 0.4505550000000D+00
-0.4375268640935D+00-0.1509537512054D+00-0.1140700798877D+00-0.8557690966689D-02
-0.1076900913688D-01-0.2108684877806D-01 0.6834600080676D-02-0.1630674725000D-01
 0.1225758736604D-01 0.9622982376079D-01
         4         0        10 0.4520250000000D+00
-0.4380074179739D+00-0.1509376823149D+00-0.1159996757624D+00-0.8598919256887D-02
-0.1076041003290D-01-0.2111021480918D-01 0.6884069315719D-02-0.1626714906754D-01
 0.1228077189764D-01 0.9640316590210D-01
         4         0        10 0.4534950000000D+00
-0.4384988422851D+00-0.1509206358413D+00-0.1179325849917D+00-0.8640090198399D-02
-0.1075092423093D-01-0.2113361203229D-01 0.6933643443370D-02-0.1622655645266D-01
 0.1230382991290D-01 0.9657523298210D-01
         4         0        10 0.4549650000000D+00
-0.4390008460853D+00-0.1509026403199D+00-0.1198688921886D+00-0.8681196549379D-02
-0.1074054085034D-01-0.2115693543461D-01 0.6983324175579D-02-0.1618497071501D-01
 0.1232676845379D-01 0.9674613082302D-01
         4         0        10 0.4564350000000D+00
-0.4395131388264D+00-0.1508837240060D+00-0.1218086798877D+00-0.8722230976385D-02
-0.1072925059897D-01-0.2118007700405D-01 0.7033113175873D-02-0.1614239310259D-01
 0.1234959453391D-01 0.9691596679076D-01
         4         0        10 0.4579050000000D+00
-0.4400354303263D+00-0.1508639148366D+00-0.1237520283671D+00-0.8763186061695D-02
-0.1071704574764D-01-0.2120292586193D-01 0.7083012056101D-02-0.1609882479549D-01
 0.1237231513561D-01 0.9708484967791D-01
         4         0        10 0.4593750000000D+00
-0.4405674307453D+00-0.1508432403939D+00-0.1256990154777D+00-0.8804054310287D-02
-0.1070392010296D-01-0.2122536839800D-01 0.7133022373579D-02-0.1605426690048D-01
 0.1239493720672D-01 0.9725288959322D-01
         4         0        10 0.4608450000000D+00
-0.4411088505796D+00-0.1508217278673D+00-0.1276497164906D+00-0.8844828156458D-02
-0.1068986897885D-01-0.2124728841893D-01 0.7183145628132D-02-0.1600872044527D-01
 0.1241746765753D-01 0.9742019783402D-01
         4         0        10 0.4623150000000D+00
-0.4416594006425D+00-0.1507994040164D+00-0.1296042039333D+00-0.8885499970048D-02
-0.1067488916657D-01-0.2126856728215D-01 0.7233383259351D-02-0.1596218637301D-01
 0.1243991335798D-01 0.9758688677521D-01
         4         0        10 0.4637850000000D+00
-0.4422187920678D+00-0.1507762951334D+00-0.1315625474509D+00-0.8926062062325D-02
-0.1065897890353D-01-0.2128908404842D-01 0.7283736643844D-02-0.1591466553672D-01
 0.1246228113487D-01 0.9775306973906D-01
         4         0        10 0.4652550000000D+00
-0.4427867363058D+00-0.1507524270056D+00-0.1335248136615D+00-0.8966506691489D-02
-0.1064213784099D-01-0.2130871562484D-01 0.7334207092646D-02-0.1586615869392D-01
 0.1248457776928D-01 0.9791886087553D-01
         4         0        10 0.4667250000000D+00
-0.4433629451239D+00-0.1507278248785D+00-0.1354910660189D+00-0.9006826067798D-02
-0.1062436701051D-01-0.2132733690937D-01 0.7384795848735D-02-0.1581666650136D-01
 0.1250680999410D-01 0.9808437504149D-01
         4         0        10 0.4681950000000D+00
-0.4439471306214D+00-0.1507025134183D+00-0.1374613646922D+00-0.9047012358355D-02
-0.1060566878962D-01-0.2134482094680D-01 0.7435504084574D-02-0.1576618950983D-01
 0.1252898449169D-01 0.9824972766834D-01
         4         0        10 0.4696650000000D+00
-0.4445390052380D+00-0.1506765166757D+00-0.1394357664413D+00-0.9087057691511D-02
-0.1058604686641D-01-0.2136103907571D-01 0.7486332899826D-02-0.1571472815914D-01
 0.1255110789163D-01 0.9841503463956D-01
         4         0        10 0.4711350000000D+00
-0.4451382817658D+00-0.1506498580482D+00-0.1414143244993D+00-0.9126954160911D-02
-0.1056550620334D-01-0.2137586107630D-01 0.7537283319161D-02-0.1566228277326D-01
 0.1257318676876D-01 0.9858041216777D-01
         4         0        10 0.4726050000000D+00
-0.4457446733747D+00-0.1506225602452D+00-0.1433970884718D+00-0.9166693829197D-02
-0.1054405300036D-01-0.2138915532920D-01 0.7588356290106D-02-0.1560885355560D-01
 0.1259522764113D-01 0.9874597666057D-01
         4         0        10 0.4740750000000D+00
-0.4463578936320D+00-0.1505946452509D+00-0.1453841042318D+00-0.9206268731344D-02
-0.1052169465731D-01-0.2140078896468D-01 0.7639552681065D-02-0.1555444058448D-01
 0.1261723696827D-01 0.9891184459709D-01
         4         0        10 0.4755450000000D+00
-0.4469776565236D+00-0.1505661342889D+00-0.1473754138215D+00-0.9245670877651D-02
-0.1049843973577D-01-0.2141062801205D-01 0.7690873279436D-02-0.1549904380874D-01
 0.1263922114956D-01 0.9907813240423D-01
         4         0        10 0.4770150000000D+00
-0.4476036764894D+00-0.1505370477873D+00-0.1493710553705D+00-0.9284892256407D-02
-0.1047429792033D-01-0.2141853755984D-01 0.7742318789775D-02-0.1544266304365D-01
 0.1266118652263D-01 0.9924495632266D-01
         4         0        10 0.4784850000000D+00
-0.4482356684510D+00-0.1505074053440D+00-0.1513710630095D+00-0.9323924836199D-02
-0.1044927997952D-01-0.2142438190546D-01 0.7793889832127D-02-0.1538529796691D-01
 0.1268313936202D-01 0.9941243228345D-01
         4         0        10 0.4799550000000D+00
-0.4488733478422D+00-0.1504772256915D+00-0.1533754667907D+00-0.9362760567894D-02
-0.1042339772631D-01-0.2142802470494D-01 0.7845586940462D-02-0.1532694811490D-01
 0.1270508587797D-01 0.9958067578563D-01
         4         0        10 0.4814250000000D+00
-0.4495164306517D+00-0.1504465266641D+00-0.1553842926244D+00-0.9401391386316D-02
-0.1039666397829D-01-0.2142932913250D-01 0.7897410561156D-02-0.1526761287921D-01
 0.1272703221520D-01 0.9974980176311D-01
         4         0        10 0.4828950000000D+00
-0.4501646334586D+00-0.1504153251641D+00-0.1573975622100D+00-0.9439809211584D-02
-0.1036909251768D-01-0.2142815802956D-01 0.7949361051646D-02-0.1520729150331D-01
 0.1274898445202D-01 0.9991992446350D-01
         4         0        10 0.4843650000000D+00
-0.4508176734700D+00-0.1503836371291D+00-0.1594152929748D+00-0.9478005950143D-02
-0.1034069805109D-01-0.2142437405295D-01 0.8001438679184D-02-0.1514598307950D-01
 0.1277094859943D-01 0.1000911573278D+00
         4         0        10 0.4858350000000D+00
-0.4514752685715D+00-0.1503514774999D+00-0.1614374980280D+00-0.9515973495515D-02
-0.1031149616923D-01-0.2141783983406D-01 0.8053643619640D-02-0.1508368654613D-01
 0.1279293060039D-01 0.1002636128591D+00
         4         0        10 0.4873050000000D+00
-0.4521371373637D+00-0.1503188601887D+00-0.1634641861042D+00-0.9553703728712D-02
-0.1028150330651D-01-0.2140841811958D-01 0.8105975956507D-02-0.1502040068497D-01
 0.1281493632925D-01 0.1004374025105D+00
         4         0        10 0.4887750000000D+00
-0.4528029992165D+00-0.1502857980489D+00-0.1654953615289D+00-0.9591188518411D-02
-0.1025073670067D-01-0.2139597192873D-01 0.8158435679926D-02-0.1495612411900D-01
 0.1283697159124D-01 0.1006126365562D+00
         4         0        10 0.4902450000000D+00
-0.4534725743147D+00-0.1502523028438D+00-0.1675310241777D+00-0.9628419720810D-02
-0.1021921435244D-01-0.2138036469764D-01 0.8211022685874D-02-0.1489085531028D-01
 0.1285904212215D-01 0.1007894239766D+00
         4         0        10 0.4917150000000D+00
-0.4541455837046D+00-0.1502183852175D+00-0.1695711694412D+00-0.9665389179222D-02
-0.1018695498528D-01-0.2136146042224D-01 0.8263736775469D-02-0.1482459255816D-01
 0.1288115358810D-01 0.1009678723449D+00
         4         0        10 0.4931850000000D+00
-0.4548217493531D+00-0.1501840546662D+00-0.1716157882047D+00-0.9702088723421D-02
-0.1015397800532D-01-0.2133912381045D-01 0.8316577654326D-02-0.1475733399784D-01
 0.1290331158539D-01 0.1011480877036D+00
         4         0        10 0.4946550000000D+00
-0.4555007941972D+00-0.1501493195095D+00-0.1736648668223D+00-0.9738510168711D-02
-0.1012030346145D-01-0.2131322042206D-01 0.8369544932083D-02-0.1468907759902D-01
 0.1292552164058D-01 0.1013301744557D+00
         4         0        10 0.4961250000000D+00
-0.4561824421953D+00-0.1501141868629D+00-0.1757183870961D+00-0.9774645314744D-02
-0.1008595200559D-01-0.2128361680710D-01 0.8422638122028D-02-0.1461982116496D-01
 0.1294778921053D-01 0.1015142352558D+00
         4         0        10 0.4975950000000D+00
-0.4568664183903D+00-0.1500786626114D+00-0.1777763262697D+00-0.9810485944119D-02
-0.1005094485333D-01-0.2125018065237D-01 0.8475856640795D-02-0.1454956233181D-01
 0.1297011968271D-01 0.1017003708942D+00
         4         0        10 0.4990650000000D+00
-0.4575524489631D+00-0.1500427513830D+00-0.1798386570164D+00-0.9846023820731D-02
-0.1001530374484D-01-0.2121278091627D-01 0.8529199808215D-02-0.1447829856811D-01
 0.1299251837547D-01 0.1018886801928D+00
         4         0        10 0.5005350000000D+00
-0.4582402612869D+00-0.1500064565233D+00-0.1819053474314D+00-0.9881250687881D-02
-0.9979050906036D-02-0.2117128796083D-01 0.8582666847282D-02-0.1440602717467D-01
 0.1301499053857D-01 0.1020792599043D+00
         4         0        10 0.5020050000000D+00
-0.4589295839941D+00-0.1499697800714D+00-0.1839763610377D+00-0.9916158266205D-02
-0.9942209010264D-02-0.2112557369251D-01 0.8636256884181D-02-0.1433274528473D-01
 0.1303754135364D-01 0.1022722046024D+00
         4         0        10 0.5034750000000D+00
-0.4596201470319D+00-0.1499327227357D+00-0.1860516567865D+00-0.9950738251353D-02
-0.9904801140271D-02-0.2107551168992D-01 0.8689968948470D-02-0.1425844986431D-01
 0.1306017593492D-01 0.1024676065854D+00
         4         0        10 0.5049450000000D+00
-0.4603116817207D+00-0.1498952838706D+00-0.1881311890611D+00-0.9984982311476D-02
-0.9866850750641D-02-0.2102097732906D-01 0.8743801973387D-02-0.1418313771288D-01
 0.1308289932997D-01 0.1026655557832D+00
         4         0        10 0.5064150000000D+00
-0.4610039208218D+00-0.1498574614548D+00-0.1902149076947D+00-0.1001888208453D-01
-0.9828381630727D-02-0.2096184791705D-01 0.8797754796206D-02-0.1410680546441D-01
 0.1310571652051D-01 0.1028661396553D+00
         4         0        10 0.5078850000000D+00
-0.4616965985963D+00-0.1498192520684D+00-0.1923027579767D+00-0.1005242917535D-01
-0.9789417867915D-02-0.2089800281189D-01 0.8851826158794D-02-0.1402944958838D-01
 0.1312863242340D-01 0.1030694431030D+00
         4         0        10 0.5093550000000D+00
-0.4623894508654D+00-0.1497806508766D+00-0.1943946806880D+00-0.1008561515266D-01
-0.9749983811970D-02-0.2082932354020D-01 0.8906014708097D-02-0.1395106639197D-01
 0.1315165189164D-01 0.1032755483842D+00
         4         0        10 0.5108250000000D+00
-0.4630822150797D+00-0.1497416516011D+00-0.1964906120883D+00-0.1011843154562D-01
-0.9710104038520D-02-0.2075569392351D-01 0.8960318997131D-02-0.1387165202059D-01
 0.1317477971549D-01 0.1034845350198D+00
         4         0        10 0.5122950000000D+00
-0.4637746303755D+00-0.1497022465090D+00-0.1985904839724D+00-0.1015086984057D-01
-0.9669803314914D-02-0.2067700018402D-01 0.9014737485575D-02-0.1379120246117D-01
 0.1319802062371D-01 0.1036964797206D+00
         4         0        10 0.5137650000000D+00
-0.4644664376461D+00-0.1496624263907D+00-0.2006942236831D+00-0.1018292147734D-01
-0.9629106565283D-02-0.2059313106519D-01 0.9069268540839D-02-0.1370971354390D-01
 0.1322137928481D-01 0.1039114562995D+00
         4         0        10 0.5152350000000D+00
-0.4651573796025D+00-0.1496221805428D+00-0.2028017541423D+00-0.1021457784550D-01
-0.9588038836688D-02-0.2050397793716D-01 0.9123910439123D-02-0.1362718094495D-01
 0.1324486030842D-01 0.1041295355992D+00
         4         0        10 0.5167050000000D+00
-0.4658472008342D+00-0.1495814967504D+00-0.2049129938789D+00-0.1024583028042D-01
-0.9546625265763D-02-0.2040943489916D-01 0.9178661366615D-02-0.1354360018926D-01
 0.1326846824675D-01 0.1043507854232D+00
         4         0        10 0.5181750000000D+00
-0.4665356478806D+00-0.1495403612716D+00-0.2070278570696D+00-0.1027667005920D-01
-0.9504891046001D-02-0.2030939888928D-01 0.9233519420761D-02-0.1345896665379D-01
 0.1329220759611D-01 0.1045752704591D+00
         4         0        10 0.5196450000000D+00
-0.4672224692922D+00-0.1494987588220D+00-0.2091462535725D+00-0.1030708839642D-01
-0.9462861395589D-02-0.2020376978020D-01 0.9288482611695D-02-0.1337327557080D-01
 0.1331608279846D-01 0.1048030522162D+00
         4         0        10 0.5211150000000D+00
-0.4679074156909D+00-0.1494566725588D+00-0.2112680889618D+00-0.1033707643978D-01
-0.9420561525871D-02-0.2009245047142D-01 0.9343548863775D-02-0.1328652203153D-01
 0.1334009824310D-01 0.1050341889674D+00
         4         0        10 0.5225850000000D+00
-0.4685902398413D+00-0.1494140840680D+00-0.2133932645753D+00-0.1036662526557D-01
-0.9378016610468D-02-0.1997534698885D-01 0.9398716017203D-02-0.1319870099012D-01
 0.1336425826839D-01 0.1052687356825D+00
         4         0        10 0.5240550000000D+00
-0.4692706967111D+00-0.1493709733503D+00-0.2155216775532D+00-0.1039572587397D-01
-0.9335251754988D-02-0.1985236856993D-01 0.9453981829789D-02-0.1310980726771D-01
 0.1338856716352D-01 0.1055067439767D+00
         4         0        10 0.5255250000000D+00
-0.4699485435310D+00-0.1493273188081D+00-0.2176532208784D+00-0.1042436918428D-01
-0.9292291967358D-02-0.1972342774525D-01 0.9509343978841D-02-0.1301983555682D-01
 0.1341302917037D-01 0.1057482620635D+00
         4         0        10 0.5269950000000D+00
-0.4706235398648D+00-0.1492830972338D+00-0.2197877834295D+00-0.1045254602998D-01
-0.9249162128852D-02-0.1958844042707D-01 0.9564800063122D-02-0.1292878042602D-01
 0.1343764848541D-01 0.1059933346987D+00
         4         0        10 0.5284650000000D+00
-0.4712954476681D+00-0.1492382837983D+00-0.2219252500234D+00-0.1048024715361D-01
-0.9205886965699D-02-0.1944732598350D-01 0.9620347604972D-02-0.1283663632475D-01
 0.1346242926166D-01 0.1062420031407D+00
         4         0        10 0.5299350000000D+00
-0.4719640313474D+00-0.1491928520400D+00-0.2240655014605D+00-0.1050746320154D-01
-0.9162491021337D-02-0.1930000730859D-01 0.9675984052531D-02-0.1274339758842D-01
 0.1348737561071D-01 0.1064943051135D+00
         4         0        10 0.5314050000000D+00
-0.4726290578287D+00-0.1491467738549D+00-0.2262084145819D+00-0.1053418471868D-01
-0.9118998629365D-02-0.1914641090080D-01 0.9731706782054D-02-0.1264905844373D-01
 0.1351249160479D-01 0.1067502747621D+00
         4         0        10 0.5328750000000D+00
-0.4732902966089D+00-0.1491000194862D+00-0.2283538623102D+00-0.1056040214290D-01
-0.9075433887044D-02-0.1898646691928D-01 0.9787513100394D-02-0.1255361301421D-01
 0.1353778127889D-01 0.1070099426297D+00
         4         0        10 0.5343450000000D+00
-0.4739475198237D+00-0.1490525575163D+00-0.2305017137089D+00-0.1058610579943D-01
-0.9031820629534D-02-0.1882010925434D-01 0.9843400247545D-02-0.1245705532597D-01
 0.1356324863290D-01 0.1072733356200D+00
         4         0        10 0.5358150000000D+00
-0.4746005023024D+00-0.1490043548576D+00-0.2326518340302D+00-0.1061128589509D-01
-0.8988182404703D-02-0.1864727558172D-01 0.9899365399343D-02-0.1235937931368D-01
 0.1358889763384D-01 0.1075404769769D+00
         4         0        10 0.5372850000000D+00
-0.4752490216218D+00-0.1489553767445D+00-0.2348040847649D+00-0.1063593251234D-01
-0.8944542448581D-02-0.1846790741299D-01 0.9955405670286D-02-0.1226057882668D-01
 0.1361473221815D-01 0.1078113862666D+00
         4         0        10 0.5387550000000D+00
-0.4758928581696D+00-0.1489055867263D+00-0.2369583237008D+00-0.1066003560321D-01
-0.8900923661490D-02-0.1828195015228D-01 0.1001151811644D-01-0.1216064763544D-01
 0.1364075629392D-01 0.1080860793536D+00
         4         0        10 0.5402250000000D+00
-0.4765317951961D+00-0.1488549466600D+00-0.2391144049735D+00-0.1068358498309D-01
-0.8857348584762D-02-0.1808935313848D-01 0.1006769973849D-01-0.1205957943808D-01
 0.1366697374328D-01 0.1083645683917D+00
         4         0        10 0.5416950000000D+00
-0.4771656188643D+00-0.1488034167033D+00-0.2412721791157D+00-0.1070657032433D-01
-0.8813839378069D-02-0.1789006968281D-01 0.1012394748495D-01-0.1195736786709D-01
 0.1369338842475D-01 0.1086468618181D+00
         4         0        10 0.5431650000000D+00
-0.4777941183086D+00-0.1487509553090D+00-0.2434314931180D+00-0.1072898114971D-01
-0.8770417797444D-02-0.1768405711324D-01 0.1018025825537D-01-0.1185400649637D-01
 0.1372000417566D-01 0.1089329643415D+00
         4         0        10 0.5446350000000D+00
-0.4784170856827D+00-0.1486975192193D+00-0.2455921904782D+00-0.1075080682573D-01
-0.8727105173850D-02-0.1747127680366D-01 0.1023662890384D-01-0.1174948884825D-01
 0.1374682481463D-01 0.1092228769441D+00
         4         0        10 0.5461050000000D+00
-0.4790343162041D+00-0.1486430634594D+00-0.2477541112519D+00-0.1077203655569D-01
-0.8683922392366D-02-0.1725169419894D-01 0.1029305624248D-01-0.1164380840084D-01
 0.1377385414401D-01 0.1095165968887D+00
         4         0        10 0.5475750000000D+00
-0.4796456082091D+00-0.1485875413337D+00-0.2499170921113D+00-0.1079265937267D-01
-0.8640889872034D-02-0.1702527884626D-01 0.1034953704511D-01-0.1153695859548D-01
 0.1380109595244D-01 0.1098141177176D+00
         4         0        10 0.5490450000000D+00
-0.4802507631939D+00-0.1485309044201D+00-0.2520809663954D+00-0.1081266413223D-01
-0.8598027546248D-02-0.1679200441144D-01 0.1040606805103D-01-0.1142893284440D-01
 0.1382855401738D-01 0.1101154292670D+00
         4         0        10 0.5505150000000D+00
-0.4808495858544D+00-0.1484731025654D+00-0.2542455641577D+00-0.1083203950495D-01
-0.8555354843728D-02-0.1655184869099D-01 0.1046264596898D-01-0.1131972453842D-01
 0.1385623210773D-01 0.1104205176857D+00
         4         0        10 0.5519850000000D+00
-0.4814418841343D+00-0.1484140838813D+00-0.2564107122245D+00-0.1085077396877D-01
-0.8512890670150D-02-0.1630479363029D-01 0.1051926748114D-01-0.1120932705499D-01
 0.1388413398640D-01 0.1107293654454D+00
         4         0        10 0.5534550000000D+00
-0.4820274692602D+00-0.1483537947402D+00-0.2585762342423D+00-0.1086885580108D-01
-0.8470653390285D-02-0.1605082532690D-01 0.1057592924733D-01-0.1109773376623D-01
 0.1391226341300D-01 0.1110419513675D+00
         4         0        10 0.5549250000000D+00
-0.4826061557744D+00-0.1482921797704D+00-0.2607419507235D+00-0.1088627307056D-01
-0.8428660810715D-02-0.1578993402948D-01 0.1063262790935D-01-0.1098493804710D-01
 0.1394062414653D-01 0.1113582506523D+00
         4         0        10 0.5563950000000D+00
-0.4831777615772D+00-0.1482291818528D+00-0.2629076791031D+00-0.1090301362885D-01
-0.8386930163175D-02-0.1552211414393D-01 0.1068936009539D-01-0.1087093328390D-01
 0.1396921994805D-01 0.1116782349006D+00
         4         0        10 0.5578650000000D+00
-0.4837421079483D+00-0.1481647421166D+00-0.2650732337769D+00-0.1091906510185D-01
-0.8345478088352D-02-0.1524736421781D-01 0.1074612242464D-01-0.1075571288263D-01
 0.1399805458349D-01 0.1120018721570D+00
         4         0        10 0.5593350000000D+00
-0.4842990195837D+00-0.1480987999353D+00-0.2672384261552D+00-0.1093441488081D-01
-0.8304320620335D-02-0.1496568693766D-01 0.1080291151203D-01-0.1063927027770D-01
 0.1402713182635D-01 0.1123291269392D+00
         4         0        10 0.5608050000000D+00
-0.4848483246174D+00-0.1480312929224D+00-0.2694030647040D+00-0.1094905011309D-01
-0.8263473171531D-02-0.1467708911046D-01 0.1085972397311D-01-0.1052159894065D-01
 0.1405645546060D-01 0.1126599602819D+00
         4         0        10 0.5622750000000D+00
-0.4853898546406D+00-0.1479621569271D+00-0.2715669549844D+00-0.1096295769261D-01
-0.8222950518118D-02-0.1438158164068D-01 0.1091655642906D-01-0.1040269238901D-01
 0.1408602928345D-01 0.1129943297859D+00
         4         0        10 0.5637450000000D+00
-0.4859234447274D+00-0.1478913260305D+00-0.2737298997005D+00-0.1097612424999D-01
-0.8182766786075D-02-0.1407917951340D-01 0.1097340551187D-01-0.1028254419529D-01
 0.1411585710827D-01 0.1133321896586D+00
         4         0        10 0.5652150000000D+00
-0.4864489334476D+00-0.1478187325400D+00-0.2758916987352D+00-0.1098853614229D-01
-0.8142935437670D-02-0.1376990176270D-01 0.1103026786972D-01-0.1016114799605D-01
 0.1414594276750D-01 0.1136734907697D+00
         4         0        10 0.5666850000000D+00
-0.4869661628751D+00-0.1477443069845D+00-0.2780521491837D+00-0.1100017944235D-01
-0.8103469258447D-02-0.1345377143582D-01 0.1108714017244D-01-0.1003849750108D-01
 0.1417629011560D-01 0.1140181807095D+00
         4         0        10 0.5681550000000D+00
-0.4874749786039D+00-0.1476679781094D+00-0.2802110453951D+00-0.1101103992783D-01
-0.8064380344774D-02-0.1313081556322D-01 0.1114401911718D-01-0.9914586502745D-02
 0.1420690303205D-01 0.1143662038411D+00
         4         0        10 0.5696250000000D+00
-0.4879752297491D+00-0.1475896728702D+00-0.2823681790018D+00-0.1102110306971D-01
-0.8025680091803D-02-0.1280106511440D-01 0.1120090143430D-01-0.9789408885324D-02
 0.1423778542436D-01 0.1147175013653D+00
         4         0        10 0.5710950000000D+00
-0.4884667689443D+00-0.1475093164260D+00-0.2845233389452D+00-0.1103035402030D-01
-0.7987379181918D-02-0.1246455494901D-01 0.1125778389336D-01-0.9662958634472D-02
 0.1426894123121D-01 0.1150720113896D+00
         4         0        10 0.5725650000000D+00
-0.4889494523453D+00-0.1474268321327D+00-0.2866763115102D+00-0.1103877760091D-01
-0.7949487573701D-02-0.1212132377457D-01 0.1131466330933D-01-0.9535229846843D-02
 0.1430037442550D-01 0.1154296689894D+00
         4         0        10 0.5740350000000D+00
-0.4894231396186D+00-0.1473421415354D+00-0.2888268803451D+00-0.1104635828886D-01
-0.7912014491286D-02-0.1177141408944D-01 0.1137153654905D-01-0.9406216739715D-02
 0.1433208901759D-01 0.1157904062831D+00
         4         0        10 0.5755050000000D+00
-0.4898876939266D+00-0.1472551643585D+00-0.2909748264796D+00-0.1105308020389D-01
-0.7874968414160D-02-0.1141487212187D-01 0.1142840053780D-01-0.9275913660690D-02
 0.1436408905854D-01 0.1161541525100D+00
         4         0        10 0.5769750000000D+00
-0.4903429819146D+00-0.1471658184982D+00-0.2931199283498D+00-0.1105892709422D-01
-0.7838357067445D-02-0.1105174777629D-01 0.1148525226627D-01-0.9144315097593D-02
 0.1439637864334D-01 0.1165208340999D+00
         4         0        10 0.5784450000000D+00
-0.4907888736875D+00-0.1470740200096D+00-0.2952619618029D+00-0.1106388232151D-01
-0.7802187412533D-02-0.1068209455864D-01 0.1154208879739D-01-0.9011415688245D-02
 0.1442896191434D-01 0.1168903747623D+00
         4         0        10 0.5799150000000D+00
-0.4912252427830D+00-0.1469796830970D+00-0.2974007001151D+00-0.1106792884565D-01
-0.7766465638172D-02-0.1030596951468D-01 0.1159890727390D-01-0.8877210230538D-02
 0.1446184306468D-01 0.1172626955617D+00
         4         0        10 0.5813850000000D+00
-0.4916519661392D+00-0.1468827200999D+00-0.2995359139936D+00-0.1107104920846D-01
-0.7731197151906D-02-0.9923433153257D-02 0.1165570492578D-01-0.8741693692415D-02
 0.1449502634172D-01 0.1176377150068D+00
         4         0        10 0.5828550000000D+00
-0.4920689240522D+00-0.1467830414783D+00-0.3016673715748D+00-0.1107322551669D-01
-0.7696386571882D-02-0.9534549365114D-02 0.1171247907813D-01-0.8604861221945D-02
 0.1452851605072D-01 0.1180153491420D+00
         4         0        10 0.5843250000000D+00
-0.4924760001394D+00-0.1466805557980D+00-0.3037948384273D+00-0.1107443942420D-01
-0.7662037719069D-02-0.9139385349538D-02 0.1176922715936D-01-0.8466708157559D-02
 0.1456231655851D-01 0.1183955116322D+00
         4         0        10 0.5857950000000D+00
-0.4928730812857D+00-0.1465751697123D+00-0.3059180775402D+00-0.1107467211325D-01
-0.7628153609755D-02-0.8738011525219D-02 0.1182594670953D-01-0.8327230038253D-02
 0.1459643229722D-01 0.1187781138586D+00
         4         0        10 0.5872650000000D+00
-0.4932600575834D+00-0.1464667879422D+00-0.3080368493057D+00-0.1107390427472D-01
-0.7594736448362D-02-0.8330501439090D-02 0.1188263538924D-01-0.8186422613848D-02
 0.1463086776822D-01 0.1191630650181D+00
