 11  1         566  1         565
e + SEP.50V - doublet B2u - K-matrices                      20161030  160610.714
    2    2    2    0   0.000000D+00   0.132980D+11
    1    0    0    3    1
         1       250 0.7350000000000D-03 0.1470000000000D-02
         3         0         6 0.7350000000000D-03
 0.7381546689797D-01-0.7788533469392D-02-0.4368660520751D-02-0.2823365345438D-02
 0.1711268012897D-02 0.1161611725652D-01
         3         0         6 0.2205000000000D-02
 0.1352097899844D+00-0.1296077596385D-01-0.7741897169150D-02-0.4901807522239D-02
 0.2903317525657D-02 0.2016130019043D-01
         3         0         6 0.3675000000000D-02
 0.1787357396093D+00-0.1620586877571D-01-0.1014514894730D-01-0.6356838026417D-02
 0.3694829406249D-02 0.2606577283810D-01
         3         0         6 0.5145000000000D-02
 0.2135712126039D+00-0.1861817638171D-01-0.1214454624995D-01-0.7569877289303D-02
 0.4320849588115D-02 0.3087758818769D-01
         3         0         6 0.6615000000000D-02
 0.2425566425629D+00-0.2051894002983D-01-0.1390495659934D-01-0.8652776177756D-02
 0.4849695418958D-02 0.3504670436030D-01
         3         0         6 0.8085000000000D-02
 0.2670983509017D+00-0.2205775376443D-01-0.1550188434912D-01-0.9656640401738D-02
 0.5312608636355D-02 0.3877884565747D-01
         3         0         6 0.9555000000000D-02
 0.2880533680852D+00-0.2332022925782D-01-0.1697738356135D-01-0.1060950617845D-01
 0.5726976761029D-02 0.4218844833084D-01
         3         0         6 0.1102500000000D-01
 0.3060106304673D+00-0.2436181282687D-01-0.1835770475421D-01-0.1152834352835D-01
 0.6103653884783D-02 0.4534689316066D-01
         3         0         6 0.1249500000000D-01
 0.3214070769993D+00-0.2522153727670D-01-0.1966051616978D-01-0.1242403273400D-01
 0.6449953689203D-02 0.4830222942728D-01
         3         0         6 0.1396500000000D-01
 0.3345839928784D+00-0.2592856641860D-01-0.2089836524970D-01-0.1330378850560D-01
 0.6771082794109D-02 0.5108862321749D-01
         3         0         6 0.1543500000000D-01
 0.3458176397957D+00-0.2650566611728D-01-0.2208052777183D-01-0.1417247878417D-01
 0.7070905649742D-02 0.5373140124879D-01
         3         0         6 0.1690500000000D-01
 0.3553374025407D+00-0.2697119999210D-01-0.2321407739454D-01-0.1503340222938D-01
 0.7352386376730D-02 0.5624996592862D-01
         3         0         6 0.1837500000000D-01
 0.3633373012610D+00-0.2734035216974D-01-0.2430454323503D-01-0.1588877516787D-01
 0.7617859956747D-02 0.5865958583679D-01
         3         0         6 0.1984500000000D-01
 0.3699837167934D+00-0.2762591664769D-01-0.2535633426263D-01-0.1674005109012D-01
 0.7869206855918D-02 0.6097254976388D-01
         3         0         6 0.2131500000000D-01
 0.3754208236125D+00-0.2783882999550D-01-0.2637302425911D-01-0.1758813799830D-01
 0.8107969916502D-02 0.6319894017564D-01
         3         0         6 0.2278500000000D-01
 0.3797745641769D+00-0.2798854497420D-01-0.2735754958061D-01-0.1843355050444D-01
 0.8335435150631D-02 0.6534716861474D-01
         3         0         6 0.2425500000000D-01
 0.3831556542091D+00-0.2808330163370D-01-0.2831235031182D-01-0.1927651864752D-01
 0.8552689105887D-02 0.6742435647988D-01
         3         0         6 0.2572500000000D-01
 0.3856619193030D+00-0.2813033003739D-01-0.2923947349056D-01-0.2011706709488D-01
 0.8760660540718D-02 0.6943661212956D-01
         3         0         6 0.2719500000000D-01
 0.3873801543168D+00-0.2813600596936D-01-0.3014065021944D-01-0.2095507355150D-01
 0.8960151307425D-02 0.7138923654876D-01
         3         0         6 0.2866500000000D-01
 0.3883876318751D+00-0.2810597339645D-01-0.3101735437168D-01-0.2179031225773D-01
 0.9151859639327D-02 0.7328687861720D-01
         3         0         6 0.3013500000000D-01
 0.3887533460617D+00-0.2804524281126D-01-0.3187084805177D-01-0.2262248660355D-01
 0.9336397984744D-02 0.7513365408333D-01
         3         0         6 0.3160500000000D-01
 0.3885390515234D+00-0.2795827165925D-01-0.3270221734786D-01-0.2345125368304D-01
 0.9514306857840D-02 0.7693323792546D-01
         3         0         6 0.3307500000000D-01
 0.3878001412677D+00-0.2784903116310D-01-0.3351240084998D-01-0.2427624280884D-01
 0.9686065735623D-02 0.7868893688545D-01
         3         0         6 0.3454500000000D-01
 0.3865863951140D+00-0.2772106260673D-01-0.3430221269500D-01-0.2509706945646D-01
 0.9852101735016D-02 0.8040374702218D-01
         3         0         6 0.3601500000000D-01
 0.3849426227710D+00-0.2757752530013D-01-0.3507236141298D-01-0.2591334572394D-01
 0.1001279660159D-01 0.8208039980423D-01
         3         0         6 0.3748500000000D-01
 0.3829092199287D+00-0.2742123786699D-01-0.3582346551155D-01-0.2672468811829D-01
 0.1016849240055D-01 0.8372139933576D-01
         3         0         6 0.3895500000000D-01
 0.3805226518586D+00-0.2725471408727D-01-0.3655606649273D-01-0.2753072328261D-01
 0.1031949620050D-01 0.8532905265671D-01
         3         0         6 0.4042500000000D-01
 0.3778158758468D+00-0.2708019424265D-01-0.3727063982781D-01-0.2833109213190D-01
 0.1046608396874D-01 0.8690549458228D-01
         3         0         6 0.4189500000000D-01
 0.3748187117641D+00-0.2689967269770D-01-0.3796760428713D-01-0.2912545275736D-01
 0.1060850384392D-01 0.8845270820651D-01
         3         0         6 0.4336500000000D-01
 0.3715581682491D+00-0.2671492229848D-01-0.3864732993192D-01-0.2991348237791D-01
 0.1074697891365D-01 0.8997254193672D-01
         3         0         6 0.4483500000000D-01
 0.3680587306694D+00-0.2652751605529D-01-0.3931014500628D-01-0.3069487855518D-01
 0.1088170959526D-01 0.9146672373478D-01
         3         0         6 0.4630500000000D-01
 0.3643426160870D+00-0.2633884648531D-01-0.3995634191426D-01-0.3146935984160D-01
 0.1101287569618D-01 0.9293687309945D-01
         3         0         6 0.4777500000000D-01
 0.3604299995289D+00-0.2615014292697D-01-0.4058618242915D-01-0.3223666599411D-01
 0.1114063821413D-01 0.9438451121113D-01
         3         0         6 0.4924500000000D-01
 0.3563392151975D+00-0.2596248708509D-01-0.4119990225362D-01-0.3299655785759D-01
 0.1126514092395D-01 0.9581106957397D-01
         3         0         6 0.5071500000000D-01
 0.3520869358102D+00-0.2577682702160D-01-0.4179771502227D-01-0.3374881700034D-01
 0.1138651178864D-01 0.9721789742853D-01
         3         0         6 0.5218500000000D-01
 0.3476883327063D+00-0.2559398977613D-01-0.4237981582364D-01-0.3449324516615D-01
 0.1150486422425D-01 0.9860626815233D-01
         3         0         6 0.5365500000000D-01
 0.3431572189946D+00-0.2541469277454D-01-0.4294638430544D-01-0.3522966359348D-01
 0.1162029824219D-01 0.9997738482295D-01
         3         0         6 0.5512500000000D-01
 0.3385061777923D+00-0.2523955415772D-01-0.4349758741142D-01-0.3595791224234D-01
 0.1173290148813D-01 0.1013323850919D+00
         3         0         6 0.5659500000000D-01
 0.3337466772496D+00-0.2506910214850D-01-0.4403358179355D-01-0.3667784895964D-01
 0.1184275019268D-01 0.1026723454857D+00
         3         0         6 0.5806500000000D-01
 0.3288891738320D+00-0.2490378355911D-01-0.4455451593706D-01-0.3738934860785D-01
 0.1194991004608D-01 0.1039982852283D+00
         3         0         6 0.5953500000000D-01
 0.3239432052361D+00-0.2474397152586D-01-0.4506053202527D-01-0.3809230217578D-01
 0.1205443700710D-01 0.1053111696692D+00
         3         0         6 0.6100500000000D-01
 0.3189174740531D+00-0.2458997254991D-01-0.4555176757127D-01-0.3878661588632D-01
 0.1215637805412D-01 0.1066119133813D+00
         3         0         6 0.6247500000000D-01
 0.3138199231616D+00-0.2444203291440D-01-0.4602835684145D-01-0.3947221031206D-01
 0.1225577188499D-01 0.1079013829784D+00
         3         0         6 0.6394500000000D-01
 0.3086578038139D+00-0.2430034453532D-01-0.4649043208406D-01-0.4014901950754D-01
 0.1235264957123D-01 0.1091803997064D+00
         3         0         6 0.6541500000000D-01
 0.3034377371059D+00-0.2416505030421D-01-0.4693812458744D-01-0.4081699016384D-01
 0.1244703517085D-01 0.1104497418344D+00
         3         0         6 0.6688500000000D-01
 0.2981657695993D+00-0.2403624896737D-01-0.4737156557603D-01-0.4147608079046D-01
 0.1253894630367D-01 0.1117101468859D+00
         3         0         6 0.6835500000000D-01
 0.2928474236769D+00-0.2391399958582D-01-0.4779088696188D-01-0.4212626092724D-01
 0.1262839469203D-01 0.1129623137313D+00
         3         0         6 0.6982500000000D-01
 0.2874877431457D+00-0.2379832561571D-01-0.4819622196355D-01-0.4276751038817D-01
 0.1271538666953D-01 0.1142069045591D+00
         3         0         6 0.7129500000000D-01
 0.2820913346257D+00-0.2368921864085D-01-0.4858770560147D-01-0.4339981853842D-01
 0.1279992365998D-01 0.1154445467512D+00
         3         0         6 0.7276500000000D-01
 0.2766624051220D+00-0.2358664178990D-01-0.4896547508015D-01-0.4402318360499D-01
 0.1288200262835D-01 0.1166758346712D+00
         3         0         6 0.7423500000000D-01
 0.2712047961387D+00-0.2349053286664D-01-0.4932967007077D-01-0.4463761202045D-01
 0.1296161650522D-01 0.1179013313753D+00
         3         0         6 0.7570500000000D-01
 0.2657220147245D+00-0.2340080721640D-01-0.4968043289656D-01-0.4524311779986D-01
 0.1303875458629D-01 0.1191215702612D+00
         3         0         6 0.7717500000000D-01
 0.2602172617274D+00-0.2331736035229D-01-0.5001790863164D-01-0.4583972194966D-01
 0.1311340290799D-01 0.1203370566612D+00
         3         0         6 0.7864500000000D-01
 0.2546934575057D+00-0.2324007036254D-01-0.5034224512496D-01-0.4642745190750D-01
 0.1318554460014D-01 0.1215482693779D+00
         3         0         6 0.8011500000000D-01
 0.2491532653868D+00-0.2316880011540D-01-0.5065359294920D-01-0.4700634101205D-01
 0.1325516021695D-01 0.1227556621795D+00
         3         0         6 0.8158500000000D-01
 0.2435991130659D+00-0.2310339927941D-01-0.5095210528449D-01-0.4757642800149D-01
 0.1332222804689D-01 0.1239596652521D+00
         3         0         6 0.8305500000000D-01
 0.2380332121144D+00-0.2304370617509D-01-0.5123793774831D-01-0.4813775653892D-01
 0.1338672440233D-01 0.1251606866072D+00
         3         0         6 0.8452500000000D-01
 0.2324575758366D+00-0.2298954946939D-01-0.5151124816570D-01-0.4869037476404D-01
 0.1344862388988D-01 0.1263591134603D+00
         3         0         6 0.8599500000000D-01
 0.2268740355559D+00-0.2294074972824D-01-0.5177219629983D-01-0.4923433486899D-01
 0.1350789966172D-01 0.1275553135648D+00
         3         0         6 0.8746500000000D-01
 0.2212842555352D+00-0.2289712083632D-01-0.5202094353609D-01-0.4976969269748D-01
 0.1356452364901D-01 0.1287496365177D+00
         3         0         6 0.8893500000000D-01
 0.2156897466320D+00-0.2285847129526D-01-0.5225765252938D-01-0.5029650736582D-01
 0.1361846677785D-01 0.1299424150316D+00
         3         0         6 0.9040500000000D-01
 0.2100918787832D+00-0.2282460541063D-01-0.5248248682463D-01-0.5081484090419D-01
 0.1366969916825D-01 0.1311339661671D+00
         3         0         6 0.9187500000000D-01
 0.2044918924651D+00-0.2279532437469D-01-0.5269561044536D-01-0.5132475791741D-01
 0.1371819031697D-01 0.1323245925376D+00
         3         0         6 0.9334500000000D-01
 0.1988909092010D+00-0.2277042725363D-01-0.5289718745892D-01-0.5182632526385D-01
 0.1376390926481D-01 0.1335145834820D+00
         3         0         6 0.9481500000000D-01
 0.1932899411793D+00-0.2274971188730D-01-0.5308738152859D-01-0.5231961175102D-01
 0.1380682474859D-01 0.1347042161958D+00
         3         0         6 0.9628500000000D-01
 0.1876899001012D+00-0.2273297570654D-01-0.5326635544532D-01-0.5280468784734D-01
 0.1384690533889D-01 0.1358937568359D+00
         3         0         6 0.9775500000000D-01
 0.1820916053045D+00-0.2272001647495D-01-0.5343427064772D-01-0.5328162540884D-01
 0.1388411956379D-01 0.1370834615907D+00
         3         0         6 0.9922500000000D-01
 0.1764957912083D+00-0.2271063296142D-01-0.5359128674038D-01-0.5375049741950D-01
 0.1391843601922D-01 0.1382735777083D+00
         3         0         6 0.1006950000000D+00
 0.1709031141738D+00-0.2270462554705D-01-0.5373756100152D-01-0.5421137774504D-01
 0.1394982346656D-01 0.1394643444967D+00
         3         0         6 0.1021650000000D+00
 0.1653141588126D+00-0.2270179677217D-01-0.5387324788851D-01-0.5466434089890D-01
 0.1397825091807D-01 0.1406559942883D+00
         3         0         6 0.1036350000000D+00
 0.1597294437717D+00-0.2270195182804D-01-0.5399849855147D-01-0.5510946181955D-01
 0.1400368771047D-01 0.1418487533601D+00
         3         0         6 0.1051050000000D+00
 0.1541494270748D+00-0.2270489899644D-01-0.5411346034382D-01-0.5554681565877D-01
 0.1402610356757D-01 0.1430428428251D+00
         3         0         6 0.1065750000000D+00
 0.1485745110385D+00-0.2271045004118D-01-0.5421827633892D-01-0.5597647758024D-01
 0.1404546865222D-01 0.1442384794867D+00
         3         0         6 0.1080450000000D+00
 0.1430050467814D+00-0.2271842055581D-01-0.5431308486318D-01-0.5639852256723D-01
 0.1406175360812D-01 0.1454358766462D+00
         3         0         6 0.1095150000000D+00
 0.1374413384050D+00-0.2272863026909D-01-0.5439801902755D-01-0.5681302523987D-01
 0.1407492959232D-01 0.1466352448866D+00
         3         0         6 0.1109850000000D+00
 0.1318836468194D+00-0.2274090331298D-01-0.5447320628393D-01-0.5722005968038D-01
 0.1408496829840D-01 0.1478367928034D+00
         3         0         6 0.1124550000000D+00
 0.1263321932862D+00-0.2275506845453D-01-0.5453876798750D-01-0.5761969926670D-01
 0.1409184197145D-01 0.1490407277076D+00
         3         0         6 0.1139250000000D+00
 0.1207871626863D+00-0.2277095929473D-01-0.5459481897430D-01-0.5801201651367D-01
 0.1409552341493D-01 0.1502472562898D+00
         3         0         6 0.1153950000000D+00
 0.1152487065160D+00-0.2278841443727D-01-0.5464146716471D-01-0.5839708292116D-01
 0.1409598599000D-01 0.1514565852366D+00
         3         0         6 0.1168650000000D+00
 0.1097169456675D+00-0.2280727762843D-01-0.5467881317690D-01-0.5877496882930D-01
 0.1409320360796D-01 0.1526689218182D+00
         3         0         6 0.1183350000000D+00
 0.1041919729919D+00-0.2282739787066D-01-0.5470694995990D-01-0.5914574328033D-01
 0.1408715071616D-01 0.1538844744375D+00
         3         0         6 0.1198050000000D+00
 0.9867385565202D-01-0.2284862951228D-01-0.5472596245610D-01-0.5950947388627D-01
 0.1407780227775D-01 0.1551034531314D+00
         3         0         6 0.1212750000000D+00
 0.9316263730413D-01-0.2287083231422D-01-0.5473592727625D-01-0.5986622670285D-01
 0.1406513374600D-01 0.1563260700436D+00
         3         0         6 0.1227450000000D+00
 0.8765834011533D-01-0.2289387149593D-01-0.5473691239706D-01-0.6021606610923D-01
 0.1404912103345D-01 0.1575525398611D+00
         3         0         6 0.1242150000000D+00
 0.8216096660909D-01-0.2291761776248D-01-0.5472897689023D-01-0.6055905469281D-01
 0.1402974047628D-01 0.1587830802014D+00
         3         0         6 0.1256850000000D+00
 0.7667050138364D-01-0.2294194731351D-01-0.5471217066587D-01-0.6089525313962D-01
 0.1400696879432D-01 0.1600179119747D+00
         3         0         6 0.1271550000000D+00
 0.7118691269774D-01-0.2296674183600D-01-0.5468653424048D-01-0.6122472012984D-01
 0.1398078304775D-01 0.1612572597108D+00
         3         0         6 0.1286250000000D+00
 0.6571015392143D-01-0.2299188848218D-01-0.5465209853649D-01-0.6154751223785D-01
 0.1395116058947D-01 0.1625013518366D+00
         3         0         6 0.1300950000000D+00
 0.6024016488833D-01-0.2301727983357D-01-0.5460888469841D-01-0.6186368383740D-01
 0.1391807901506D-01 0.1637504209324D+00
         3         0         6 0.1315650000000D+00
 0.5477687314408D-01-0.2304281385232D-01-0.5455690393199D-01-0.6217328701140D-01
 0.1388151610980D-01 0.1650047039533D+00
         3         0         6 0.1330350000000D+00
 0.4932019508417D-01-0.2306839382140D-01-0.5449615737923D-01-0.6247637146563D-01
 0.1384144979337D-01 0.1662644424038D+00
         3         0         6 0.1345050000000D+00
 0.4387003702568D-01-0.2309392827392D-01-0.5442663600062D-01-0.6277298444780D-01
 0.1379785806238D-01 0.1675298824988D+00
         3         0         6 0.1359750000000D+00
 0.3842629617521D-01-0.2311933091342D-01-0.5434832049858D-01-0.6306317066971D-01
 0.1375071893152D-01 0.1688012752746D+00
         3         0         6 0.1374450000000D+00
 0.3298886153615D-01-0.2314452052516D-01-0.5426118125312D-01-0.6334697223437D-01
 0.1370001037311D-01 0.1700788766804D+00
         3         0         6 0.1389150000000D+00
 0.2755761474534D-01-0.2316942087994D-01-0.5416517828095D-01-0.6362442856701D-01
 0.1364571025571D-01 0.1713629476416D+00
         3         0         6 0.1403850000000D+00
 0.2213243083329D-01-0.2319396063106D-01-0.5406026122849D-01-0.6389557634964D-01
 0.1358779628180D-01 0.1726537540794D+00
         3         0         6 0.1418550000000D+00
 0.1671317893707D-01-0.2321807320494D-01-0.5394636937689D-01-0.6416044945993D-01
 0.1352624592515D-01 0.1739515669169D+00
         3         0         6 0.1433250000000D+00
 0.1129972295763D-01-0.2324169668643D-01-0.5382343166909D-01-0.6441907891383D-01
 0.1346103636784D-01 0.1752566620568D+00
         3         0         6 0.1447950000000D+00
 0.5891922154221D-02-0.2326477369940D-01-0.5369136676992D-01-0.6467149281156D-01
 0.1339214443719D-01 0.1765693203207D+00
         3         0         6 0.1462650000000D+00
 0.4896317036621D-03-0.2328725128305D-01-0.5355008313620D-01-0.6491771628763D-01
 0.1331954654310D-01 0.1778898273756D+00
         3         0         6 0.1477350000000D+00
-0.4907296784267D-02-0.2330908076477D-01-0.5339947910725D-01-0.6515777146443D-01
 0.1324321861569D-01 0.1792184736376D+00
         3         0         6 0.1492050000000D+00
-0.1029901480363D-01-0.2333021762999D-01-0.5323944302670D-01-0.6539167740897D-01
 0.1316313604362D-01 0.1805555541384D+00
         3         0         6 0.1506750000000D+00
-0.1568567651457D-01-0.2335062138955D-01-0.5306985337374D-01-0.6561945009347D-01
 0.1307927361328D-01 0.1819013683824D+00
         3         0         6 0.1521450000000D+00
-0.2106743834045D-01-0.2337025544492D-01-0.5289057890957D-01-0.6584110235935D-01
 0.1299160544897D-01 0.1832562201865D+00
         3         0         6 0.1536150000000D+00
-0.2644445860964D-01-0.2338908695213D-01-0.5270147885787D-01-0.6605664388418D-01
 0.1290010495423D-01 0.1846204174812D+00
         3         0         6 0.1550850000000D+00
-0.3181689720780D-01-0.2340708668428D-01-0.5250240308229D-01-0.6626608115250D-01
 0.1280474475459D-01 0.1859942721176D+00
         3         0         6 0.1565550000000D+00
-0.3718491527663D-01-0.2342422889350D-01-0.5229319229921D-01-0.6646941742934D-01
 0.1270549664169D-01 0.1873780996340D+00
         3         0         6 0.1580250000000D+00
-0.4254867492521D-01-0.2344049117238D-01-0.5207367829387D-01-0.6666665273723D-01
 0.1260233151906D-01 0.1887722190205D+00
         3         0         6 0.1594950000000D+00
-0.4790833896496D-01-0.2345585431535D-01-0.5184368415078D-01-0.6685778383658D-01
 0.1249521934970D-01 0.1901769524705D+00
         3         0         6 0.1609650000000D+00
-0.5326407067728D-01-0.2347030218041D-01-0.5160302451124D-01-0.6704280420850D-01
 0.1238412910535D-01 0.1915926251003D+00
         3         0         6 0.1624350000000D+00
-0.5861603359023D-01-0.2348382155124D-01-0.5135150583168D-01-0.6722170404128D-01
 0.1226902871782D-01 0.1930195646726D+00
         3         0         6 0.1639050000000D+00
-0.6396439127368D-01-0.2349640200013D-01-0.5108892665455D-01-0.6739447021977D-01
 0.1214988503228D-01 0.1944581013067D+00
         3         0         6 0.1653750000000D+00
-0.6930930716261D-01-0.2350803575200D-01-0.5081507790402D-01-0.6756108631739D-01
 0.1202666376274D-01 0.1959085671625D+00
         3         0         6 0.1668450000000D+00
-0.7465094438517D-01-0.2351871754957D-01-0.5052974318002D-01-0.6772153259136D-01
 0.1189932944963D-01 0.1973712961296D+00
         3         0         6 0.1683150000000D+00
-0.7998946560566D-01-0.2352844451998D-01-0.5023269906259D-01-0.6787578598090D-01
 0.1176784541968D-01 0.1988466235075D+00
         3         0         6 0.1697850000000D+00
-0.8532503289154D-01-0.2353721604300D-01-0.4992371543888D-01-0.6802382010782D-01
 0.1163217374809D-01 0.2003348856617D+00
         3         0         6 0.1712550000000D+00
-0.9065780758229D-01-0.2354503362107D-01-0.4960255582608D-01-0.6816560528030D-01
 0.1149227522309D-01 0.2018364196883D+00
         3         0         6 0.1727250000000D+00
-0.9598795016984D-01-0.2355190075114D-01-0.4926897770236D-01-0.6830110849934D-01
 0.1134810931283D-01 0.2033515630726D+00
         3         0         6 0.1741950000000D+00
-0.1013156202003D+00-0.2355782279862D-01-0.4892273285850D-01-0.6843029346763D-01
 0.1119963413479D-01 0.2048806533261D+00
         3         0         6 0.1756650000000D+00
-0.1066409761746D+00-0.2356280687346D-01-0.4856356774302D-01-0.6855312060141D-01
 0.1104680642760D-01 0.2064240276353D+00
         3         0         6 0.1771350000000D+00
-0.1119641754588D+00-0.2356686170838D-01-0.4819122381309D-01-0.6866954704484D-01
 0.1088958152539D-01 0.2079820225068D+00
         3         0         6 0.1786050000000D+00
-0.1172853742141D+00-0.2356999753958D-01-0.4780543790582D-01-0.6877952668670D-01
 0.1072791333457D-01 0.2095549733920D+00
         3         0         6 0.1800750000000D+00
-0.1226047273167D+00-0.2357222598963D-01-0.4740594259156D-01-0.6888301018005D-01
 0.1056175431325D-01 0.2111432143369D+00
         3         0         6 0.1815450000000D+00
-0.1279223883028D+00-0.2357355995299D-01-0.4699246655368D-01-0.6897994496386D-01
 0.1039105545309D-01 0.2127470776034D+00
         3         0         6 0.1830150000000D+00
-0.1332385093089D+00-0.2357401348393D-01-0.4656473495661D-01-0.6907027528746D-01
 0.1021576626376D-01 0.2143668933098D+00
         3         0         6 0.1844850000000D+00
-0.1385532410165D+00-0.2357360168691D-01-0.4612246981632D-01-0.6915394223723D-01
 0.1003583475985D-01 0.2160029890701D+00
         3         0         6 0.1859550000000D+00
-0.1438667326147D+00-0.2357234060965D-01-0.4566539038652D-01-0.6923088376549D-01
 0.9851207450427D-02 0.2176556896202D+00
         3         0         6 0.1874250000000D+00
-0.1491791317563D+00-0.2357024713866D-01-0.4519321353248D-01-0.6930103472187D-01
 0.9661829331027D-02 0.2193253164614D+00
         3         0         6 0.1888950000000D+00
-0.1544905845193D+00-0.2356733889734D-01-0.4470565410552D-01-0.6936432688688D-01
 0.9467643878177D-02 0.2210121875072D+00
         3         0         6 0.1903650000000D+00
-0.1598012353822D+00-0.2356363414672D-01-0.4420242533136D-01-0.6942068900747D-01
 0.9268593046492D-02 0.2227166167180D+00
         3         0         6 0.1918350000000D+00
-0.1651112271942D+00-0.2355915168864D-01-0.4368323918445D-01-0.6947004683491D-01
 0.9064617268195D-02 0.2244389137549D+00
         3         0         6 0.1933050000000D+00
-0.1704207011475D+00-0.2355391077158D-01-0.4314780676073D-01-0.6951232316475D-01
 0.8855655455114D-02 0.2261793836407D+00
         3         0         6 0.1947750000000D+00
-0.1757297967651D+00-0.2354793099892D-01-0.4259583866322D-01-0.6954743787855D-01
 0.8641645003218D-02 0.2279383264081D+00
         3         0         6 0.1962450000000D+00
-0.1810386518796D+00-0.2354123223975D-01-0.4202704537119D-01-0.6957530798782D-01
 0.8422521799521D-02 0.2297160367727D+00
         3         0         6 0.1977150000000D+00
-0.1863474026157D+00-0.2353383454206D-01-0.4144113760663D-01-0.6959584767974D-01
 0.8198220231405D-02 0.2315128038108D+00
         3         0         6 0.1991850000000D+00
-0.1916561833872D+00-0.2352575804837D-01-0.4083782671326D-01-0.6960896836456D-01
 0.7968673198490D-02 0.2333289106283D+00
         3         0         6 0.2006550000000D+00
-0.1969651268779D+00-0.2351702291372D-01-0.4021682500807D-01-0.6961457872504D-01
 0.7733812126648D-02 0.2351646340652D+00
         3         0         6 0.2021250000000D+00
-0.2022743640431D+00-0.2350764922593D-01-0.3957784615228D-01-0.6961258476720D-01
 0.7493566984692D-02 0.2370202443803D+00
         3         0         6 0.2035950000000D+00
-0.2075840241000D+00-0.2349765692811D-01-0.3892060550181D-01-0.6960288987286D-01
 0.7247866303224D-02 0.2388960049644D+00
         3         0         6 0.2050650000000D+00
-0.2128942345226D+00-0.2348706574333D-01-0.3824482045237D-01-0.6958539485366D-01
 0.6996637195865D-02 0.2407921720638D+00
         3         0         6 0.2065350000000D+00
-0.2182051210456D+00-0.2347589510146D-01-0.3755021079305D-01-0.6955999800638D-01
 0.6739805382968D-02 0.2427089944973D+00
         3         0         6 0.2080050000000D+00
-0.2235168076606D+00-0.2346416406791D-01-0.3683649903946D-01-0.6952659516956D-01
 0.6477295217561D-02 0.2446467134015D+00
         3         0         6 0.2094750000000D+00
-0.2288294166144D+00-0.2345189127441D-01-0.3610341076024D-01-0.6948507978135D-01
 0.6209029713640D-02 0.2466055619872D+00
         3         0         6 0.2109450000000D+00
-0.2341430684175D+00-0.2343909485162D-01-0.3535067491041D-01-0.6943534293837D-01
 0.5934930576991D-02 0.2485857652918D+00
         3         0         6 0.2124150000000D+00
-0.2394578818440D+00-0.2342579236349D-01-0.3457802414295D-01-0.6937727345541D-01
 0.5654918238274D-02 0.2505875399619D+00
         3         0         6 0.2138850000000D+00
-0.2447739739322D+00-0.2341200074321D-01-0.3378519511240D-01-0.6931075792604D-01
 0.5368911888551D-02 0.2526110940474D+00
         3         0         6 0.2153550000000D+00
-0.2500914599962D+00-0.2339773623082D-01-0.3297192878379D-01-0.6923568078361D-01
 0.5076829517465D-02 0.2546566267957D+00
         3         0         6 0.2168250000000D+00
-0.2554104536279D+00-0.2338301431215D-01-0.3213797071848D-01-0.6915192436283D-01
 0.4778587953843D-02 0.2567243284749D+00
         3         0         6 0.2182950000000D+00
-0.2607310666996D+00-0.2336784965897D-01-0.3128307135058D-01-0.6905936896146D-01
 0.4474102908964D-02 0.2588143802133D+00
         3         0         6 0.2197650000000D+00
-0.2660534093767D+00-0.2335225607045D-01-0.3040698626717D-01-0.6895789290194D-01
 0.4163289022789D-02 0.2609269538382D+00
         3         0         6 0.2212350000000D+00
-0.2713775901211D+00-0.2333624641541D-01-0.2950947646421D-01-0.6884737259281D-01
 0.3846059912972D-02 0.2630622117478D+00
         3         0         6 0.2227050000000D+00
-0.2767037156938D+00-0.2331983257538D-01-0.2859030859123D-01-0.6872768258940D-01
 0.3522328227019D-02 0.2652203068000D+00
         3         0         6 0.2241750000000D+00
-0.2820318911695D+00-0.2330302538831D-01-0.2764925520020D-01-0.6859869565373D-01
 0.3192005698030D-02 0.2674013822022D+00
         3         0         6 0.2256450000000D+00
-0.2873622199331D+00-0.2328583459244D-01-0.2668609495880D-01-0.6846028281294D-01
 0.2855003203839D-02 0.2696055714458D+00
         3         0         6 0.2271150000000D+00
-0.2926948036934D+00-0.2326826877042D-01-0.2570061287441D-01-0.6831231341609D-01
 0.2511230830530D-02 0.2718329982358D+00
         3         0         6 0.2285850000000D+00
-0.2980297424841D+00-0.2325033529299D-01-0.2469260048921D-01-0.6815465518850D-01
 0.2160597940267D-02 0.2740837764570D+00
         3         0         6 0.2300550000000D+00
-0.3033671346638D+00-0.2323204026212D-01-0.2366185606114D-01-0.6798717428324D-01
 0.1803013244232D-02 0.2763580101648D+00
         3         0         6 0.2315250000000D+00
-0.3087070769252D+00-0.2321338845307D-01-0.2260818474433D-01-0.6780973532914D-01
 0.1438384881535D-02 0.2786557935827D+00
         3         0         6 0.2329950000000D+00
-0.3140496642919D+00-0.2319438325495D-01-0.2153139873951D-01-0.6762220147408D-01
 0.1066620504593D-02 0.2809772111416D+00
         3         0         6 0.2344650000000D+00
-0.3193949901132D+00-0.2317502660899D-01-0.2043131742830D-01-0.6742443442295D-01
 0.6876273722007D-03 0.2833223375467D+00
         3         0         6 0.2359350000000D+00
-0.3247431460660D+00-0.2315531894407D-01-0.1930776750337D-01-0.6721629446902D-01
 0.3013124518302D-03 0.2856912378586D+00
         3         0         6 0.2374050000000D+00
-0.3300942221437D+00-0.2313525910849D-01-0.1816058306587D-01-0.6699764051700D-01
-0.9241746766168D-04 0.2880839676232D+00
         3         0         6 0.2388750000000D+00
-0.3354483066396D+00-0.2311484429685D-01-0.1698960570254D-01-0.6676833009636D-01
-0.4936556507294D-03 0.2905005730374D+00
         3         0         6 0.2403450000000D+00
-0.3408054861371D+00-0.2309406997099D-01-0.1579468455419D-01-0.6652821936271D-01
-0.9024952744815D-03 0.2929410911405D+00
         3         0         6 0.2418150000000D+00
-0.3461658454812D+00-0.2307292977328D-01-0.1457567634605D-01-0.6627716308442D-01
-0.1319029270061D-02 0.2954055500668D+00
         3         0         6 0.2432850000000D+00
-0.3515294677435D+00-0.2305141543018D-01-0.1333244539136D-01-0.6601501461141D-01
-0.1743350141942D-02 0.2978939693500D+00
         3         0         6 0.2447550000000D+00
-0.3568964341870D+00-0.2302951664393D-01-0.1206486357797D-01-0.6574162582223D-01
-0.2175549759947D-02 0.3004063602738D+00
         3         0         6 0.2462250000000D+00
-0.3622668242081D+00-0.2300722096905D-01-0.1077281030734D-01-0.6545684704390D-01
-0.2615719118287D-02 0.3029427263079D+00
         3         0         6 0.2476950000000D+00
-0.3676407152635D+00-0.2298451366972D-01-0.9456172394211D-02-0.6516052693845D-01
-0.3063948053419D-02 0.3055030636281D+00
         3         0         6 0.2491650000000D+00
-0.3730181827897D+00-0.2296137755343D-01-0.8114843935375D-02-0.6485251234801D-01
-0.3520324910206D-02 0.3080873617203D+00
         3         0         6 0.2506350000000D+00
-0.3783993000805D+00-0.2293779277386D-01-0.6748726102150D-02-0.6453264808748D-01
-0.3984936143913D-02 0.3106956041319D+00
         3         0         6 0.2521050000000D+00
-0.3837841381507D+00-0.2291373659534D-01-0.5357726890354D-02-0.6420077667166D-01
-0.4457865839908D-02 0.3133277693482D+00
         3         0         6 0.2535750000000D+00
-0.3891727655504D+00-0.2288918310728D-01-0.3941760776715D-02-0.6385673795842D-01
-0.4939195129095D-02 0.3159838318735D+00
         3         0         6 0.2550450000000D+00
-0.3945652481262D+00-0.2286410287446D-01-0.2500748278036D-02-0.6350036868413D-01
-0.5429001468828D-02 0.3186637635483D+00
         3         0         6 0.2565150000000D+00
-0.3999616487288D+00-0.2283846250359D-01-0.1034615401419D-02-0.6313150186011D-01
-0.5927357748337D-02 0.3213675351535D+00
         3         0         6 0.2579850000000D+00
-0.4053620268236D+00-0.2281222409971D-01 0.4567070746422D-03-0.6274996598617D-01
-0.6434331164723D-02 0.3240951184223D+00
         3         0         6 0.2594550000000D+00
-0.4107664379838D+00-0.2278534457622D-01 0.1973284521034D-02-0.6235558402250D-01
-0.6949981793869D-02 0.3268464885653D+00
         3         0         6 0.2609250000000D+00
-0.4161749332430D+00-0.2275777476845D-01 0.3515179631811D-02-0.6194817203824D-01
-0.7474360751391D-02 0.3296216274662D+00
         3         0         6 0.2623950000000D+00
-0.4215875582251D+00-0.2272945827968D-01 0.5082453967680D-02-0.6152753742017D-01
-0.8007507796768D-02 0.3324205278169D+00
         3         0         6 0.2638650000000D+00
-0.4270043519853D+00-0.2270032995811D-01 0.6675169985556D-02-0.6109347647639D-01
-0.8549448169066D-02 0.3352431985229D+00
         3         0         6 0.2653350000000D+00
-0.4324253454573D+00-0.2267031385716D-01 0.8293393729696D-02-0.6064577119393D-01
-0.9100188346052D-02 0.3380896718653D+00
         3         0         6 0.2668050000000D+00
-0.4378505593120D+00-0.2263932045934D-01 0.9937198490912D-02-0.6018418479165D-01
-0.9659710270427D-02 0.3409600131941D+00
         3         0         6 0.2682750000000D+00
-0.4432800009788D+00-0.2260724283117D-01 0.1160666984488D-01-0.5970845552598D-01
-0.1022796335019D-01 0.3438543342684D+00
         3         0         6 0.2697450000000D+00
-0.4487136604376D+00-0.2257395119352D-01 0.1330191271425D-01-0.5921828790855D-01
-0.1080485315832D-01 0.3467728119784D+00
         3         0         6 0.2712150000000D+00
-0.4541515041070D+00-0.2253928508558D-01 0.1502306153840D-01-0.5871333999470D-01
-0.1139022512238D-01 0.3497157152806D+00
         3         0         6 0.2726850000000D+00
-0.4595934658137D+00-0.2250304177693D-01 0.1677029522691D-01-0.5819320454853D-01
-0.1198384039922D-01 0.3526834448700D+00
         3         0         6 0.2741550000000D+00
-0.4650394330215D+00-0.2246495864610D-01 0.1854385984478D-01-0.5765738036211D-01
-0.1258533918449D-01 0.3556765933793D+00
         3         0         6 0.2756250000000D+00
-0.4704892251909D+00-0.2242468550909D-01 0.2034410414336D-01-0.5710522717737D-01
-0.1319418309095D-01 0.3586960397354D+00
         3         0         6 0.2770950000000D+00
-0.4759425584882D+00-0.2238173950517D-01 0.2217153736435D-01-0.5653589215175D-01
-0.1380956119682D-01 0.3617431027753D+00
         3         0         6 0.2785650000000D+00
-0.4813989855929D+00-0.2233542820191D-01 0.2402692764906D-01-0.5594818447892D-01
-0.1443022990226D-01 0.3648198028627D+00
         3         0         6 0.2800350000000D+00
-0.4868577874358D+00-0.2228471132185D-01 0.2591147883177D-01-0.5534034988552D-01
-0.1505422494694D-01 0.3679293320470D+00
         3         0         6 0.2815050000000D+00
-0.4923177652417D+00-0.2222793515819D-01 0.2782716979321D-01-0.5470963745446D-01
-0.1567830826136D-01 0.3710769567589D+00
         3         0         6 0.2829750000000D+00
-0.4977768063354D+00-0.2216227813003D-01 0.2977746267472D-01-0.5405139525547D-01
-0.1629681317438D-01 0.3742719019320D+00
         3         0         6 0.2844450000000D+00
-0.5032308730993D+00-0.2208245978009D-01 0.3176895159133D-01-0.5335696450056D-01
-0.1689895550130D-01 0.3775317375886D+00
         3         0         6 0.2859150000000D+00
-0.5086712668173D+00-0.2197724701252D-01 0.3381582398003D-01-0.5260798055820D-01
-0.1746155666678D-01 0.3808942492998D+00
         3         0         6 0.2873850000000D+00
-0.5140753677043D+00-0.2181763029096D-01 0.3595495834011D-01-0.5175708602002D-01
-0.1792441680693D-01 0.3844576099876D+00
         3         0         6 0.2888550000000D+00
-0.5193607380606D+00-0.2149821934667D-01 0.3832075454231D-01-0.5063233552701D-01
-0.1806825225088D-01 0.3885794885154D+00
         3         0         6 0.2903250000000D+00
-0.5238060621743D+00-0.2009785923822D-01 0.4208923057056D-01-0.4773111427117D-01
-0.1597468743276D-01 0.3963891080815D+00
         3         0         6 0.2917950000000D+00
-0.5326580083299D+00-0.2431572768041D-01 0.3870623159384D-01-0.5398108211001D-01
-0.2559717800737D-01 0.3851255941245D+00
         3         0         6 0.2932650000000D+00
-0.5370166261551D+00-0.2278762221552D-01 0.4268216729956D-01-0.5084495559497D-01
-0.2326630532292D-01 0.3933984252000D+00
         3         0         6 0.2947350000000D+00
-0.5423166111131D+00-0.2245280419678D-01 0.4515631610559D-01-0.4964202687920D-01
-0.2343558563507D-01 0.3976310298617D+00
         3         0         6 0.2962050000000D+00
-0.5477522150951D+00-0.2228230470325D-01 0.4744233756458D-01-0.4869383195692D-01
-0.2396210191973D-01 0.4013189046980D+00
         3         0         6 0.2976750000000D+00
-0.5532365969095D+00-0.2216510347293D-01 0.4968178619998D-01-0.4781926692162D-01
-0.2461486867490D-01 0.4048388093531D+00
         3         0         6 0.2991450000000D+00
-0.5587463032100D+00-0.2207111688858D-01 0.5191286657248D-01-0.4696925573505D-01
-0.2533148155185D-01 0.4082925164749D+00
         3         0         6 0.3006150000000D+00
-0.5642723843170D+00-0.2198877926057D-01 0.5415013417571D-01-0.4612493293808D-01
-0.2608811006800D-01 0.4117188798478D+00
         3         0         6 0.3020850000000D+00
-0.5698107036647D+00-0.2191266922044D-01 0.5640029527522D-01-0.4527745983637D-01
-0.2687372557969D-01 0.4151358741798D+00
         3         0         6 0.3035550000000D+00
-0.5753591009598D+00-0.2183988742411D-01 0.5866683248817D-01-0.4442211579976D-01
-0.2768255671372D-01 0.4185529023148D+00
         3         0         6 0.3050250000000D+00
-0.5809163501625D+00-0.2176872600941D-01 0.6095170409789D-01-0.4355612786251D-01
-0.2851131812666D-01 0.4219753162054D+00
         3         0         6 0.3064950000000D+00
-0.5864817138717D+00-0.2169809956707D-01 0.6325607100824D-01-0.4267774249921D-01
-0.2935802536492D-01 0.4254063506287D+00
         3         0         6 0.3079650000000D+00
-0.5920547305435D+00-0.2162727342889D-01 0.6558064407797D-01-0.4178578237973D-01
-0.3022142898796D-01 0.4288480467761D+00
         3         0         6 0.3094350000000D+00
-0.5976351039916D+00-0.2155572255555D-01 0.6792586469954D-01-0.4087941615468D-01
-0.3110072071034D-01 0.4323017321280D+00
         3         0         6 0.3109050000000D+00
-0.6032226420806D+00-0.2148305322357D-01 0.7029200518295D-01-0.3995803067512D-01
-0.3199537034368D-01 0.4357682869520D+00
         3         0         6 0.3123750000000D+00
-0.6088172208174D+00-0.2140895715948D-01 0.7267922772197D-01-0.3902115613676D-01
-0.3290503032440D-01 0.4392483005695D+00
         3         0         6 0.3138450000000D+00
-0.6144187623653D+00-0.2133318345251D-01 0.7508762066085D-01-0.3806842022081D-01
-0.3382947727270D-01 0.4427421672145D+00
         3         0         6 0.3153150000000D+00
-0.6200272210811D+00-0.2125552069609D-01 0.7751722168993D-01-0.3709951891745D-01
-0.3476857485729D-01 0.4462501471225D+00
         3         0         6 0.3167850000000D+00
-0.6256425743410D+00-0.2117578526248D-01 0.7996803322137D-01-0.3611419735011D-01
-0.3572224943766D-01 0.4497724067868D+00
         3         0         6 0.3182550000000D+00
-0.6312648163501D+00-0.2109381338804D-01 0.8244003289897D-01-0.3511223681274D-01
-0.3669047364517D-01 0.4533090462627D+00
         3         0         6 0.3197250000000D+00
-0.6368939538778D+00-0.2100945570033D-01 0.8493318097676D-01-0.3409344578801D-01
-0.3767325505070D-01 0.4568601181526D+00
         3         0         6 0.3211950000000D+00
-0.6425300032290D+00-0.2092257335206D-01 0.8744742566301D-01-0.3305765358313D-01
-0.3867062818320D-01 0.4604256411453D+00
         3         0         6 0.3226650000000D+00
-0.6481729880845D+00-0.2083303523900D-01 0.8998270705879D-01-0.3200470573216D-01
-0.3968264880556D-01 0.4640056098417D+00
         3         0         6 0.3241350000000D+00
-0.6538229379107D+00-0.2074071596380D-01 0.9253896015868D-01-0.3093446061225D-01
-0.4070938974771D-01 0.4676000020556D+00
         3         0         6 0.3256050000000D+00
-0.6594798867778D+00-0.2064549432351D-01 0.9511611716786D-01-0.2984678691203D-01
-0.4175093783213D-01 0.4712087843128D+00
         3         0         6 0.3270750000000D+00
-0.6651438724834D+00-0.2054725217140D-01 0.9771410934227D-01-0.2874156170902D-01
-0.4280739157963D-01 0.4748319160723D+00
         3         0         6 0.3285450000000D+00
-0.6708149358743D+00-0.2044587354966D-01 0.1003328684780D+00-0.2761866898671D-01
-0.4387885948241D-01 0.4784693530162D+00
         3         0         6 0.3300150000000D+00
-0.6764931203228D+00-0.2034124402152D-01 0.1029723281464D+00-0.2647799847542D-01
-0.4496545869451D-01 0.4821210496551D+00
         3         0         6 0.3314850000000D+00
-0.6821784713329D+00-0.2023325015231D-01 0.1056324247212D+00-0.2531944473500D-01
-0.4606731403251D-01 0.4857869614025D+00
         3         0         6 0.3329550000000D+00
-0.6878710362184D+00-0.2012177910215D-01 0.1083130982695D+00-0.2414290641817D-01
-0.4718455721211D-01 0.4894670462695D+00
         3         0         6 0.3344250000000D+00
-0.6935708638475D+00-0.2000671830397D-01 0.1110142933270D+00-0.2294828567195D-01
-0.4831732626419D-01 0.4931612662576D+00
         3         0         6 0.3358950000000D+00
-0.6992780044508D+00-0.1988795520745D-01 0.1137359595717D+00-0.2173548764632D-01
-0.4946576508818D-01 0.4968695885005D+00
         3         0         6 0.3373650000000D+00
-0.7049925094555D+00-0.1976537707358D-01 0.1164780524367D+00-0.2050442008436D-01
-0.5063002311413D-01 0.5005919862334D+00
         3         0         6 0.3388350000000D+00
-0.7107144313485D+00-0.1963887080898D-01 0.1192405336651D+00-0.1925499297707D-01
-0.5181025504937D-01 0.5043284396130D+00
         3         0         6 0.3403050000000D+00
-0.7164438235767D+00-0.1950832283200D-01 0.1220233718051D+00-0.1798711827009D-01
-0.5300662069102D-01 0.5080789364022D+00
         3         0         6 0.3417750000000D+00
-0.7221807404556D+00-0.1937361896333D-01 0.1248265426764D+00-0.1670070961018D-01
-0.5421928479297D-01 0.5118434725694D+00
         3         0         6 0.3432450000000D+00
-0.7279252370840D+00-0.1923464433640D-01 0.1276500298034D+00-0.1539568212423D-01
-0.5544841697568D-01 0.5156220528064D+00
         3         0         6 0.3447150000000D+00
-0.7336773692956D+00-0.1909128332408D-01 0.1304938248050D+00-0.1407195222588D-01
-0.5669419166927D-01 0.5194146909591D+00
         3         0         6 0.3461850000000D+00
-0.7394371935898D+00-0.1894341947755D-01 0.1333579277793D+00-0.1272943744190D-01
-0.5795678808659D-01 0.5232214104254D+00
         3         0         6 0.3476550000000D+00
-0.7452047670945D+00-0.1879093547599D-01 0.1362423476451D+00-0.1136805625812D-01
-0.5923639021717D-01 0.5270422444766D+00
         3         0         6 0.3491250000000D+00
-0.7509801475193D+00-0.1863371308421D-01 0.1391471024763D+00-0.9987727978775D-02
-0.6053318684121D-01 0.5308772365510D+00
         3         0         6 0.3505950000000D+00
-0.7567633931125D+00-0.1847163311693D-01 0.1420722198168D+00-0.8588372598308D-02
-0.6184737155892D-01 0.5347264405091D+00
         3         0         6 0.3520650000000D+00
-0.7625545626359D+00-0.1830457540884D-01 0.1450177369668D+00-0.7169910684550D-02
-0.6317914283114D-01 0.5385899208383D+00
         3         0         6 0.3535350000000D+00
-0.7683537153268D+00-0.1813241878856D-01 0.1479837012643D+00-0.5732263269803D-02
-0.6452870403160D-01 0.5424677528421D+00
         3         0         6 0.3550050000000D+00
-0.7741609108635D+00-0.1795504105610D-01 0.1509701703507D+00-0.4275351749607D-02
-0.6589626350780D-01 0.5463600227999D+00
         3         0         6 0.3564750000000D+00
-0.7799762093439D+00-0.1777231896328D-01 0.1539772124103D+00-0.2799097789323D-02
-0.6728203464736D-01 0.5502668280862D+00
         3         0         6 0.3579450000000D+00
-0.7857996712534D+00-0.1758412819602D-01 0.1570049064070D+00-0.1303423235623D-02
-0.6868623595147D-01 0.5541882772811D+00
         3         0         6 0.3594150000000D+00
-0.7916313574303D+00-0.1739034335811D-01 0.1600533423072D+00 0.2117499666617D-03
-0.7010909111306D-01 0.5581244902571D+00
         3         0         6 0.3608850000000D+00
-0.7974713290476D+00-0.1719083795652D-01 0.1631226212782D+00 0.1746499851716D-02
-0.7155082909707D-01 0.5620755982313D+00
         3         0         6 0.3623550000000D+00
-0.8033196475796D+00-0.1698548438715D-01 0.1662128558841D+00 0.3300904506495D-02
-0.7301168422521D-01 0.5660417438117D+00
         3         0         6 0.3638250000000D+00
-0.8091763747672D+00-0.1677415392100D-01 0.1693241702704D+00 0.4875042140276D-02
-0.7449189626295D-01 0.5700230810252D+00
         3         0         6 0.3652950000000D+00
-0.8150415726001D+00-0.1655671669100D-01 0.1724567003214D+00 0.6468991148981D-02
-0.7599171050646D-01 0.5740197753111D+00
         3         0         6 0.3667650000000D+00
-0.8209153032729D+00-0.1633304167807D-01 0.1756105938264D+00 0.8082830177542D-02
-0.7751137787339D-01 0.5780320035223D+00
